input/PERCENT_IMPERVIOUS_COVER.asc
ncols         229
nrows         293
xllcorner     -699542.60804304
yllcorner     8979718.0271142
cellsize      500
NODATA_value  -9999
[rows 192 to 223 of 293, columns 74 to 147 of 229]
-9999 -9999 -9999 -9999 -9999 -9999 -9999 -9999 -9999 -9999 -9999 -9999 -9999 -9999 -9999 -9999 -9999 -9999 -9999 -9999 31.5 62.76923 68.24 51.32 30.73077 51.66667 49.57692 50 27.88461 35.30769 25.5 23.41667 37.14815 6 22.34615 29.73077 5.6 6.769231 13.19231 42.42308 70.76 48.92308 67.03846 75.69231 85.11539 55.44 8.8 -9999 11.81818 0 0 29.07692 67.18519 69.26923 78.29166 76.57692 75.38461 65.53846 80.32 90.7037 82.61539 83.30769 78.12 76.84 85.69231 88.69231 83.03704 89.08 68.11539 62.92308 67.26923 66 64.8 80.40741
-9999 -9999 -9999 -9999 -9999 -9999 -9999 -9999 -9999 -9999 -9999 -9999 -9999 -9999 -9999 -9999 -9999 -9999 -9999 -9999 -9999 37.5 61.92 60.53846 56.96296 44.84615 47 49.36 42.73077 44.38462 24.84615 31.84615 50.38462 13.38461 27.46154 32.875 4.076923 16.69231 23.55556 20.19231 43.28 24.84615 49.88462 92.38461 85.75 69.44444 51.45454 24 13.16667 0 0 0 47.69231 86.58334 70 67.84615 70.65385 70.32 70.22222 73.57692 73.73077 79.46154 68.125 60.42308 73.38461 93.25926 89.48 91.69231 85.80769 70.88461 64.375 60.7037 66.14815 81.96154
-9999 -9999 -9999 -9999 -9999 -9999 -9999 -9999 -9999 -9999 -9999 -9999 -9999 -9999 -9999 -9999 -9999 -9999 -9999 -9999 -9999 58.66667 57.08333 65.2963 65.34615 32.28 39.44 50.11538 47.73077 35.19231 19 58.74074 50.76923 55.11538 21.48 26.04 3.730769 10.03704 3.730769 18.16 21.65385 10 45.61538 76.16666 89.88889 76.76923 65.53846 51.375 9.285714 0.7307692 0 0 12.12 70.19231 77.61539 61.69231 79.57692 87.07692 73.46154 56.84615 47.84615 51.92 64.61539 54.84615 61.7037 84.23077 83.75 81.80769 85.80769 63.19231 63.76923 71.76923 70.76923 71.57692
-9999 -9999 -9999 -9999 -9999 -9999 -9999 -9999 -9999 -9999 -9999 -9999 -9999 -9999 -9999 -9999 -9999 -9999 -9999 -9999 -9999 -9999 41.66667 42.11538 56.38462 47.88 46.38462 52.11538 57.57692 53.04 58 61.76 63.5 60.30769 54.48 21.73077 5.185185 7.923077 7.32 14.68 34.07692 24.88461 43.72 50.39286 89.26923 80.19231 76.03846 78.42857 44.25 1.576923 0 17.68 60.53846 45.5 63.57692 75.07692 74.84 84.57692 84.69231 44 29.96 48.96154 51.57692 62.18518 76.24 85.4 81.15385 74.61539 60.61538 59.52 67.81481 69.5 63.65385 61.32
-9999 -9999 -9999 -9999 -9999 -9999 -9999 -9999 -9999 -9999 -9999 -9999 -9999 -9999 -9999 -9999 -9999 -9999 -9999 -9999 -9999 -9999 -9999 27.3 32.4 50.96154 61.92308 57.73077 56.19231 51.96154 61 64.26923 65.07692 53.64 64.42308 42.85185 4.384615 10.36 6.4 19.53846 29.03846 37.30769 40.84615 45.42308 73.38461 82.38461 77.24 68.79166 51 15.88 47.80769 60.08 73.61539 62.80769 50.26923 76.56 73.38461 73.30769 61.96154 76 90.08 63.65385 61.15385 62.19231 60.64 66 67 72.73077 71.65385 71.15385 64.24 63.53846 68.53846 55.8
-9999 -9999 -9999 -9999 -9999 -9999 -9999 -9999 -9999 -9999 -9999 -9999 -9999 -9999 -9999 -9999 -9999 -9999 -9999 -9999 -9999 -9999 -9999 -9999 36.61538 30.23077 44.46154 58.53846 52.96 49.42308 54.15385 62.26923 58.8 67.53846 67.38461 59.5 35.84 13.76923 16.30769 11.84615 24.73077 45.61538 22.38461 34.52 49.80769 85.92 81.76923 77.34615 76.25 48.76923 83.28 70.48 93.65385 92.15385 47.72 73.33334 75.26923 57.38462 63.46154 64.66666 82.42308 66.19231 68.55556 59.04 59.65385 63.03846 67.26923 82.68 75.61539 62.96154 70.38461 66.69231 54.32 56.11538
-9999 -9999 -9999 -9999 -9999 -9999 -9999 -9999 -9999 -9999 -9999 -9999 -9999 -9999 -9999 -9999 -9999 -9999 -9999 -9999 -9999 -9999 -9999 -9999 -9999 39.15789 50.80769 42.96154 55.65385 49 44.57692 55.73077 25.75 66.19231 57.66667 64.15385 53.2 7.153846 16.73077 14.26923 19.19231 29.36 37.07692 39.88462 24.11539 78 88 81.14815 73.1875 32.8 57.48 71.42308 75.69231 79.03846 67.07692 75.11539 38.42308 35.65385 62.5 59.96154 70 77.33334 59.61538 57.24 56.80769 57.26923 60.07692 62.88 66.80769 65.88461 77.26923 75.5 57.48 67.07692
-9999 -9999 -9999 -9999 -9999 -9999 -9999 -9999 -9999 -9999 -9999 -9999 -9999 -9999 -9999 -9999 -9999 -9999 -9999 -9999 -9999 -9999 -9999 -9999 -9999 0 43.23809 62.96154 77.34615 64.84615 53.2 54.84 56.11538 59.14815 62.92308 66 60.5 21.38461 37.53846 15.96 31.26923 35.34615 55.69231 64.88461 49.4 63.38462 87.69231 84.38461 82.28 56.57143 45.5 86.30769 71.15385 76.84615 75.19231 88.48 76.76923 50.96 67.5 74.19231 58.2963 68.61539 64.24 58.16 54.19231 58.23077 64.28 51.7037 53.26923 49.46154 67.69231 69.20834 82.84615 71.53846
-9999 -9999 -9999 -9999 -9999 -9999 -9999 -9999 -9999 -9999 -9999 -9999 -9999 -9999 -9999 -9999 -9999 -9999 -9999 -9999 -9999 -9999 -9999 -9999 -9999 -9999 27.33333 53.5 64.52 76.5 76.32 50.34615 58.2963 73.38461 72 52.48 59.48 35.07692 33.03846 35.38462 59.07692 41.23077 29.42308 45.73077 49.75 50.46154 63.14815 86.92308 89.2 84.11539 84.73077 49.30769 42.88 67.61539 75.76923 90.15385 87.26923 83.92 86.46154 72.96296 44.46154 47.04167 67.88461 59.03846 60.42308 65.65385 64.46154 57.5 52.69231 57.38462 51.70833 62.69231 68.92308 73.59259
-9999 -9999 -9999 -9999 -9999 -9999 -9999 -9999 -9999 -9999 -9999 -9999 -9999 -9999 -9999 -9999 -9999 -9999 -9999 -9999 -9999 -9999 -9999 -9999 -9999 38 31.90909 16.80769 53.61538 75.8 82 59.15385 60 75.24 66.64 80.96154 54.03846 40.07692 26.30769 22.34615 21.38461 43.92308 50.76 31.84 28.11539 25.14815 49.80769 67.4 69.61539 83.92308 90.11539 81.8 72.03846 56.92308 80.11539 86.65385 87.2 88.69231 90.84615 91.5 84.12 67.07692 52.5 62.46154 60.80769 70.46154 60.65385 61.36 64.92308 54.68 57 41.26923 50.51852 61.11538
-9999 -9999 -9999 -9999 -9999 -9999 -9999 -9999 -9999 -9999 -9999 -9999 -9999 -9999 -9999 -9999 -9999 -9999 -9999 -9999 -9999 -9999 -9999 -9999 -9999 22.95455 17.46154 4.076923 25.03846 56.48 64.5 54.88889 47.84 51.36 52.80769 51.92308 19.61539 17.34615 2.961539 32.96154 33.12 22.84615 20.72 41.88462 48.88889 35.38462 36.76 36.23077 41.36 59.61538 68.88461 83.38461 80.34615 69.65385 58.38462 84.32 91.16 67.88461 76.7037 83.07692 93.44 82.19231 78.15385 59.19231 24.76 69.84615 77 55.88462 38.64 52.26923 52.07692 58.81482 44.42308 47.70833
-9999 -9999 -9999 -9999 -9999 -9999 -9999 -9999 -9999 -9999 -9999 -9999 -9999 -9999 -9999 -9999 -9999 -9999 -9999 -9999 -9999 -9999 -9999 -9999 -9999 26.52381 30.69231 51.30769 60.96 40.84 61.96296 61.34615 46.4 49.34615 53.34615 69.84615 34.19231 1.68 0 0 10.15385 21.28 33.19231 23.07692 16.22222 31.24 46.68 29.46154 20.76923 38.57692 74.69231 78.65385 58.61538 44.34615 61.88 71.84 84.65385 85.07407 91.19231 80.84 83.88461 93.76923 81.57692 54.24 58.07692 56.30769 39.34615 42.34615 52.04 59 62.69231 71.84615 65.48 53.73077
-9999 -9999 -9999 -9999 -9999 -9999 -9999 -9999 -9999 -9999 -9999 -9999 -9999 -9999 -9999 -9999 -9999 -9999 -9999 -9999 -9999 -9999 -9999 -9999 -9999 43.66667 28.65217 50.5 65.76923 56.92593 48.03846 66.52 62 50 71.46154 44.38462 3.56 0 0 0 0 0 7.076923 44.48148 36.36 25.44 15.61539 28.11539 45.30769 48.76923 52.57692 66.84615 28.48 15.57692 39.92 42 66.85185 89.15385 89.96 87.84615 91.6 84.46154 86.52 60.81482 62.26923 72.57692 65.84615 60.96 58.64 57.5 54.40741 58.88 55.42308 54.30769
-9999 -9999 -9999 -9999 -9999 -9999 -9999 -9999 -9999 -9999 -9999 -9999 -9999 -9999 -9999 -9999 -9999 -9999 -9999 -9999 -9999 -9999 -9999 -9999 -9999 -9999 45.5 34.52381 46.61538 42.7037 42.69231 46.56 55.73077 51.6 57.15385 8.423077 0 0 0 0 0 0 0 26.15385 30.2 25.61539 35.61538 39.65385 31 29.12 63.07692 42.46154 9.538462 11.12 53.34615 59.76923 46.25926 62.6 92.36 91.96154 87.5 84.46154 77 59.53846 55.11538 68.38461 61.24 63.48 57.34615 58.37037 56.61538 60.84 72.46154 66.03846
-9999 -9999 -9999 -9999 -9999 -9999 -9999 -9999 -9999 -9999 -9999 -9999 -9999 -9999 -9999 -9999 -9999 -9999 -9999 -9999 -9999 -9999 -9999 -9999 -9999 -9999 -9999 39 40 51.88462 52.5 56.88462 52.26923 33.19231 3.576923 0 0 0 0 0 0 0 18.96154 74.6 77.57692 62.80769 27.84615 45.52 72.30769 62.34615 58.26923 18.42308 19.92 28.76923 57.5 71 68.08334 59.88462 74.30769 88.19231 90.65385 80.15385 72.46154 72.42308 79.8 72.52 60.73077 58.61538 60.18518 59.23077 59.8 64.46154 72.8 74.30769
-9999 -9999 -9999 -9999 -9999 -9999 -9999 -9999 -9999 -9999 -9999 -9999 -9999 -9999 -9999 -9999 -9999 -9999 -9999 -9999 -9999 -9999 -9999 -9999 -9999 -9999 -9999 -9999 47 32.125 39.5 74.42308 63.88462 44.77778 2.6 0 0 0 0 0 0 14 79.5 85.32 91.65385 76.4 55.11538 68.92308 87.69231 82.03846 76.07692 73.07692 47.44 44.96 66.92593 67.69231 64.64 57.73077 63.53846 73.19231 92.57692 95.88 86.07692 75.26923 89.84615 76.88 62.03846 66.53846 57 63.48 62.84 59.57692 53.30769 68.88461
-9999 -9999 -9999 -9999 -9999 -9999 -9999 -9999 -9999 -9999 -9999 -9999 -9999 -9999 -9999 -9999 -9999 -9999 -9999 -9999 -9999 -9999 -9999 -9999 -9999 -9999 -9999 -9999 -9999 -9999 31.64706 41.84615 68.80769 35.84 58.57692 9.923077 0 0 0 0 6 72.04 89.32 90.69231 88.5 76.03846 75.53846 86.11539 92.15385 91.5 77.08 70.04 46.76923 59.66667 66.11539 53.12 43.61538 46.84615 48.34615 50.64 68.46154 89.42308 89.53846 78.34615 86.8 79.34615 71.84615 68.33334 72.95834 62.26923 63.57692 59.19231 57.92308 55.73077
-9999 -9999 -9999 -9999 -9999 -9999 -9999 -9999 -9999 -9999 -9999 -9999 -9999 -9999 -9999 -9999 -9999 -9999 -9999 -9999 -9999 -9999 -9999 -9999 -9999 -9999 -9999 -9999 -9999 -9999 -9999 23.70588 27.84615 63.6 38.65385 51.30769 14 0 0 0 1.346154 39.5 81.69231 87.46154 81.5 89.96296 88.36 88.53846 86.19231 79.36 47.36 35.92308 22.5 48.55556 64.73077 60.84 63.46154 47.96 41.88462 61.96154 79.84615 86.65385 80.57692 90.2 89.38461 86.28 83.59259 67.73077 61.68 59.5 57.69231 56.73077 57.88 44.46154
-9999 -9999 -9999 -9999 -9999 -9999 -9999 -9999 -9999 -9999 -9999 -9999 -9999 -9999 -9999 -9999 -9999 -9999 -9999 -9999 -9999 -9999 -9999 -9999 -9999 -9999 -9999 -9999 -9999 -9999 -9999 -9999 21.57143 22.26923 70.73077 35.80769 68.72 18.5 0 0 1.36 20.07692 60.42308 82.42308 89.80769 96 81.88461 70.5 72.53846 76 59.26923 62.46154 37.11111 17.8 52.88 51.92308 50.57692 58.19231 70.61539 81.53846 83.76923 88.96154 82.48 84.12 90.69231 88.7037 94.53846 76.68 61.03846 71.26923 39.30769 25.36 12.11539 43.69231
-9999 -9999 -9999 -9999 -9999 -9999 -9999 -9999 -9999 -9999 -9999 -9999 -9999 -9999 -9999 -9999 -9999 -9999 -9999 -9999 -9999 -9999 -9999 -9999 -9999 -9999 -9999 -9999 -9999 -9999 -9999 -9999 -9999 24.38461 17.73077 68.41666 58.80769 55.76923 30.37037 5.653846 32.36 81.88461 77.38461 89.23077 86.32 89.73077 82.92308 70.30769 62.73077 82.88 42.96154 60.33333 36.65385 29.45833 29.52 29.44444 41.35294 60.42308 81.76923 72.92308 83.30769 91.2 83.48 88.34615 91.5 83.81481 88.56 79.92308 74.19231 85.16 59.19231 22.88461 68.15385 62.53846
-9999 -9999 -9999 -9999 -9999 -9999 -9999 -9999 -9999 -9999 -9999 -9999 -9999 -9999 -9999 -9999 -9999 -9999 -9999 -9999 -9999 -9999 -9999 -9999 -9999 -9999 -9999 -9999 -9999 -9999 -9999 -9999 -9999 -9999 17.09091 19.36 59.69231 42.59259 51.80769 56.84 44.11538 77.84615 77.16 88.07692 87.38461 92.07692 80.34615 65.53846 84.16 53.69231 21.72 49.83333 39.75 40.7 6.727273 17.14286 57.53846 80.56 82.73077 51.76923 82.42308 93.76 89.88461 91.2963 85.44444 89.16 89.84 87.46154 87.65385 93.57692 85.15385 63.15385 65.19231 64.38461
-9999 -9999 -9999 -9999 -9999 -9999 -9999 -9999 -9999 -9999 -9999 -9999 -9999 -9999 -9999 -9999 -9999 -9999 -9999 -9999 -9999 -9999 -9999 -9999 -9999 -9999 -9999 -9999 -9999 -9999 -9999 -9999 -9999 -9999 -9999 37.9 32.77778 50.57692 46.20833 57.57692 62.69231 67.07692 86.74074 78.36 91 91.5 91.30769 90.875 73.22222 36.14286 44 -9999 -9999 20.95238 6.384615 11.80769 10.04 38.84615 67.03846 40.96154 85.68 95.26923 93.22222 83.76923 85.73077 88.41666 91.19231 90 89.65385 75.11539 93.30769 74.73077 72.19231 64.08334
-9999 -9999 -9999 -9999 -9999 -9999 -9999 -9999 -9999 -9999 -9999 -9999 -9999 -9999 -9999 -9999 -9999 -9999 -9999 -9999 -9999 -9999 -9999 -9999 -9999 -9999 -9999 -9999 -9999 -9999 -9999 -9999 -9999 -9999 -9999 -9999 38.55556 32.2 43.56 50.80769 40.88462 51.96154 49.84615 93.65385 82.19231 89.19231 87.91666 84.36842 79 -9999 -9999 -9999 -9999 35.81818 6.08 2.884615 0.9230769 49.5 36.53846 62.23077 87.08 90.53846 89.46154 87.19231 88.88 86.73077 94.65385 80.92308 85.07692 83.88 89 89.69231 54.73077 56.4
-9999 -9999 -9999 -9999 -9999 -9999 -9999 -9999 -9999 -9999 -9999 -9999 -9999 -9999 -9999 -9999 -9999 -9999 -9999 -9999 -9999 -9999 -9999 -9999 -9999 -9999 -9999 -9999 -9999 -9999 -9999 -9999 -9999 -9999 -9999 -9999 -9999 35.71429 34.36 33.69231 49.34615 38.34615 58.48 43.34615 79.46154 73.52 67.38461 42.83333 -9999 -9999 -9999 -9999 30.5 7.730769 1.730769 1.384615 0.8076923 5.730769 45.66667 85.45834 79.38461 86.85185 94.26923 89.84 88.19231 86.69231 89.96154 87.32 83.92308 84.30769 87.07692 85.19231 78.96 70
-9999 -9999 -9999 -9999 -9999 -9999 -9999 -9999 -9999 -9999 -9999 -9999 -9999 -9999 -9999 -9999 -9999 -9999 -9999 -9999 -9999 -9999 -9999 -9999 -9999 -9999 -9999 -9999 -9999 -9999 -9999 -9999 -9999 -9999 -9999 -9999 -9999 -9999 42.28571 31.72 32.80769 58.6 47.61538 68.61539 51.23077 45.04 6.222222 27.23077 -9999 -9999 -9999 -9999 30.5 6.076923 0 0 0 5.384615 34 81.65385 82.48148 92.11539 86.34615 77.32 80.42308 95 87.24 86.38461 89.11539 88.15385 87.76923 86.46154 93.36 91.65385
-9999 -9999 -9999 -9999 -9999 -9999 -9999 -9999 -9999 -9999 -9999 -9999 -9999 -9999 -9999 -9999 -9999 -9999 -9999 -9999 -9999 -9999 -9999 -9999 -9999 -9999 -9999 -9999 -9999 -9999 -9999 -9999 -9999 -9999 -9999 -9999 -9999 -9999 -9999 47.16667 20.3913 28.80769 60.5 40.26923 58.2 41.57692 28.84615 33.06667 -9999 -9999 -9999 -9999 -9999 5.894737 1.68 0 1.961538 9.68 4.25 80.58334 82.5 75.57692 59.29167 64.19231 69.11539 90.34615 74.38461 81.19231 90.42308 88.92308 95.92 89.88 90.5 94.03704
-9999 -9999 -9999 -9999 -9999 -9999 -9999 -9999 -9999 -9999 -9999 -9999 -9999 -9999 -9999 -9999 -9999 -9999 -9999 -9999 -9999 -9999 -9999 -9999 -9999 -9999 -9999 -9999 -9999 -9999 -9999 -9999 -9999 -9999 -9999 -9999 -9999 -9999 -9999 -9999 27.5 23.83333 27.03846 49.92 43.56 54.22222 57.92308 37.375 -9999 -9999 -9999 -9999 -9999 16 3.590909 0 0 2.88 9.076923 54.4375 48.92308 42.91667 64.11539 56.07692 67.92308 87.57692 67.84615 71.5 97.15385 89.96154 90.375 89.03846 87.55556 93.26923
-9999 -9999 -9999 -9999 -9999 -9999 -9999 -9999 -9999 -9999 -9999 -9999 -9999 -9999 -9999 -9999 -9999 -9999 -9999 -9999 -9999 -9999 -9999 -9999 -9999 -9999 -9999 -9999 -9999 -9999 -9999 -9999 -9999 -9999 -9999 -9999 -9999 -9999 -9999 -9999 -9999 21 25.91304 21.08 51.22222 45.15385 78.15385 46.05882 -9999 -9999 -9999 -9999 -9999 -9999 25 8.1 5.923077 11.84615 31.5 49.25 42.12 57.65385 53.30769 46.30769 45.65385 53.65385 45.52 47.84615 71.42308 89.52 94.53846 91.22222 90.03846 80.26923
-9999 -9999 -9999 -9999 -9999 -9999 -9999 -9999 -9999 -9999 -9999 -9999 -9999 -9999 -9999 -9999 -9999 -9999 -9999 -9999 -9999 -9999 -9999 -9999 -9999 -9999 -9999 -9999 -9999 -9999 -9999 -9999 -9999 -9999 -9999 -9999 -9999 -9999 -9999 -9999 -9999 -9999 31 28.5 13.84615 50.26923 51.88 44 -9999 -9999 -9999 -9999 -9999 -9999 -9999 -9999 -9999 -9999 -9999 65 49.4 75.19231 55.42308 48.69231 36.28 39.69231 53.07692 43.42308 56.61538 82.36 95.03704 91.53846 92.23077 87.125
-9999 -9999 -9999 -9999 -9999 -9999 -9999 -9999 -9999 -9999 -9999 -9999 -9999 -9999 -9999 -9999 -9999 -9999 -9999 -9999 -9999 -9999 -9999 -9999 -9999 -9999 -9999 -9999 -9999 -9999 -9999 -9999 -9999 -9999 -9999 -9999 -9999 -9999 -9999 -9999 -9999 -9999 -9999 38.5 30.76471 32.44 47.88235 58 -9999 -9999 -9999 -9999 -9999 -9999 -9999 -9999 -9999 -9999 -9999 60.55556 38.73077 50.38462 51.96154 50.48 43.61538 41.80769 55.84615 61.88462 70.68 87.03846 95.46154 90.65385 91.84 91.57692
-9999 -9999 -9999 -9999 -9999 -9999 -9999 -9999 -9999 -9999 -9999 -9999 -9999 -9999 -9999 -9999 -9999 -9999 -9999 -9999 -9999 -9999 -9999 -9999 -9999 -9999 -9999 -9999 -9999 -9999 -9999 -9999 -9999 -9999 -9999 -9999 -9999 -9999 -9999 -9999 -9999 -9999 -9999 -9999 -9999 -9999 55 -9999 -9999 -9999 -9999 -9999 -9999 -9999 -9999 -9999 -9999 54 51.14286 62.55 51.42308 6.038462 20.84 47.85185 50.26923 53.42308 61.42308 72.25 91.69231 83.25926 87.92308 93.04 88.88461 84.19231
-9999 -9999 -9999 -9999 -9999 -9999 -9999 -9999 -9999 -9999 -9999 -9999 -9999 -9999 -9999 -9999 -9999 -9999 -9999 -9999 -9999 -9999 -9999 -9999 -9999 -9999 -9999 -9999 -9999 -9999 -9999 -9999 -9999 -9999 -9999 -9999 -9999 -9999 -9999 -9999 -9999 -9999 -9999 -9999 -9999 -9999 -9999 -9999 -9999 -9999 -9999 -9999 -9999 -9999 -9999 -9999 -9999 59.38462 67.57143 68.6 71.73684 9.884615 2.153846 22.15385 56.5 66.15385 68.08 73.64 92.74074 92.34615 83.65385 94.36 91.5 85.84615
