input/PERCENT_IMPERVIOUS_COVER.asc
ncols         229
nrows         293
xllcorner     -699542.60804304
yllcorner     8979718.0271142
cellsize      500
NODATA_value  -9999
[rows 160 to 191 of 293, columns 74 to 147 of 229]
89.80769 84.42308 81.19231 60.25926 53.96154 58.73077 71.08334 58.07692 63.30769 54.34615 31.7037 33.28 68.84615 68.11539 65.52 39.64 13.85 33.77273 70.13636 64.375 6.5 -9999 -9999 -9999 -9999 -9999 -9999 -9999 -9999 54 67.53846 84.73077 87.92308 82.88 88.65385 85.42308 78.15385 66.53846 70.08 66.88461 65.07692 68.88461 87.68 80.03846 63.18518 70.84615 62.36 61.96 55.88462 69.88461 61.25926 62.84 69.34615 65.03846 64.92308 64.29166 36 48.96429 57.96154 48.42308 56.88 66.84615 72.73077 61.42308 67.24 57.03846 -9999 -9999 -9999 -9999 -9999 -9999 -9999 -9999
85.88461 84.76 77.61539 53.88462 55.76923 60.96 57.11538 54.26923 62.73077 50.77778 41.91667 39.92308 73.46154 83.15385 63.88 64.2963 56.18518 58.69231 78.53846 65.33334 53.91667 60.64706 52.72727 83 -9999 -9999 -9999 -9999 -9999 -9999 74.22222 84.65385 95.44 85.38461 85.42308 91.07692 77.61539 71.56 71.19231 71.80769 73.19231 72.68 67.77778 62.48148 74.15385 65.875 64.92308 53.84615 64 66.48148 63.48 62.34615 26.19231 69 57.44 64.76923 61.51852 44 52.84615 57.48 43.38462 38.88 33.15385 10.46154 27.03846 22.96154 24.26923 -9999 -9999 -9999 -9999 -9999 -9999 -9999
66.8 66 60.88462 55.69231 57.73077 73.08 64.76923 70.88461 53.81482 31.36 42.32 71.53846 72.61539 61.34615 57.80769 70.5 70.88461 74.65385 71.375 76.15385 65.25 70.40909 74.68182 -9999 -9999 -9999 -9999 -9999 -9999 -9999 77.63636 82.57692 86.68 81.19231 83.76 85.88889 80.84 79.19231 78.57692 69.38461 53.69231 69.76 78.80769 70.65385 76.53846 60.68 59.65385 69.30769 70.76923 63.8 67.96154 61.88462 54.11538 29.26923 62.68 49.37037 65.61539 58.46154 52.95833 55.84615 54.03846 50.76923 31.44444 14.72 8.846154 43.57692 22.46154 17.58333 -9999 -9999 -9999 -9999 -9999 -9999
83.33334 87.30769 31.26923 66.42308 59.76 41.38462 65.5 64.61539 63.64 68.88461 89.34615 77.53846 64.5 51.56 43.84615 44.30769 52.96154 43 77.38461 74.65385 82.45454 72.81481 79 88.5 67.875 75 -9999 -9999 -9999 -9999 72.06667 89.24 89.73077 75.46154 85.33334 89.2 77.92308 78.65385 81.92308 69.12 80.56 76.48148 67.5 71 70.2 75.65385 74.19231 74.69231 71.23077 65.44 59.80769 65.73077 60.11538 47.08 56.88889 66.23077 67.38461 62.25 58.11538 56.5 58.69231 56.92593 40.6 10.38461 8.961538 18.8 24.44 26.88461 -9999 -9999 -9999 -9999 -9999 -9999
85.84615 78.92308 65.11539 74.56 73.04 60.53846 78.73077 69.14815 71.68 71.38461 83 78.42308 72.75 62.44444 61.23077 61.5 61.53846 58.76 56.15385 83.42308 84.38461 83.41666 70.53333 82.5 86.73077 73.24 67 -9999 -9999 -9999 54 77.36 94.11539 90.92308 81.19231 79.11539 74.11539 80.15385 87.8 87.4 87.77778 83.42308 72.30769 74.32 63.15385 69.23077 77.64 70.14815 64.88 56.61538 54.07692 58.42308 65.36 51.76923 60.88462 59.34615 62.8 58.65385 60.53846 58.42308 62.26923 68.2 50.03846 9.423077 14.23077 19.8 49.53846 46.14815 -9999 -9999 -9999 -9999 -9999 -9999
81.88461 69.88461 76.28 56.16 62.84615 57.46154 63.33333 71.56 79.57692 63.61538 76.61539 78.79166 63.62963 63.46154 62.46154 59.46154 49.16 65.46154 69.61539 43.96154 56.56 75.03846 79.57692 83.53846 83.03846 89.24 89 88.75 77.5 -9999 -9999 56.33333 88.19231 91.7037 86.375 78.5 74.19231 60.96154 84.8 76.37037 86.42308 80.88461 77.96 80.8 74.30769 73.69231 79.37037 70.4 64.96154 59.69231 63.73077 62.56 61.96 66.55556 66.34615 63.57692 61.76 56.84615 63.88462 56.69231 61.65385 64.2 40.61538 6.423077 22.11539 44.96 48.2963 59.5 52.80769 -9999 -9999 -9999 -9999 -9999
85.65385 87.57692 83.8 61.11538 60.11538 62.40741 63.8 63.2 55.65385 61.80769 76.57692 79.30769 69.23077 68.15385 72.92308 65.45834 60.30769 76.5 79.46154 68.37037 63.64 68.61539 68.03846 68.57692 70.79166 74.2963 85.15385 89.20834 87.63158 85.27778 70.33334 50.5 78.23077 89.875 91.61539 85.96154 79.61539 86.08 94.62963 84.11539 70.73077 59.03846 83.33334 81.23077 76.19231 71.23077 74.53846 78.53846 71.80769 72.96154 61.79167 66.15385 60.88889 57.5 64.65385 61.84 59.61538 64.03846 64.36 56.38462 59.73077 58.65385 62.80769 38.61538 60.8 69.53846 59.42308 60.65385 55.88 -9999 -9999 -9999 -9999 -9999
83.38461 82.64 89 72.03846 64.44444 60.36 57.76 67.65385 71.23077 69.34615 71.52 82.74074 66.80769 72.03846 74.88 58.56 59.26923 77.03846 64.22222 66.24 61.92308 53.42308 68.65385 70.70834 66.11111 64.96154 69.42308 71.80769 90.04 82.42308 85.6 83.64286 78 90.2 91.46154 87.80769 81.57692 79.2 87.73077 86.11539 79.15385 73.88 75.53846 77.92308 89 83.40741 73.125 69.38461 82 77.34615 75.76 68.2963 63 66.88461 63.72 60.32 62.80769 64.03846 61.33333 66.44 61.73077 59.38462 59.65385 69.24 66.12 63.88889 67.23077 56.69231 69.52 55.76923 -9999 -9999 -9999 -9999
38.72727 61.57692 82.26923 64.73077 64.96154 55.12 61.38462 77.88461 66.64 72.2 78.88889 71.88 43.30769 48.76923 68.68 61.80769 59.38462 58.7037 63 62.2 57.92308 60.65385 61.64 73.11111 69.88461 67.11539 62.92308 65.41666 68.15385 66.5 78.92308 93.30769 77.28571 79.42857 80.47619 86.23077 91.45834 84.18519 82.07692 85.96154 81.64 79.88461 88.26923 81.92308 76.80769 86.84 84.96154 81.15385 79.80769 84.32 75.25926 74 77.11539 70.92 74.52 75.38461 70.57692 72.73077 68.57692 58.26923 64.46154 59.57692 63.33333 63.46154 52.51852 65.23077 45.96154 44.36 62.57692 56.42308 -9999 -9999 -9999 -9999
42 47.57143 63.22727 8.571428 48.69565 56.52174 61.04348 81.4 53.47368 67.61539 69.11539 60.19231 14.03846 50.84 64.42308 54.96154 51.22222 39.36 53.56 52.53846 53.11538 49.65385 55.8 58.2963 67.19231 72.11539 64.6 67.64 63.61538 44.26923 60.96296 90.2 91.57692 88.48 72.30769 70.875 71.36364 76.96154 85.30769 85.23077 83.48 79.42308 72.30769 75 79.04 77.46154 87.73077 88.15385 80.80769 71.68 72.61539 75.26923 73.15385 73.04 76.84615 76.07692 72.19231 73.07407 79.79166 84.30769 77.46154 77.53846 69.76 73.44444 62.15385 34.96154 8.416667 8.730769 55.96154 57.53846 56.03704 -9999 -9999 -9999
-9999 -9999 -9999 -9999 39.73333 52.65385 76 -9999 34.5 56.96 22.81818 11.26923 6.36 41.42308 56.69231 47.11538 48.2 42.07692 42.15385 38.92308 63.61538 61.96 49.62963 59.56 62.61538 76.4 61 70.92308 63.57692 66.59259 66.72 82.88 80.34615 91.34615 85.32 83.95238 88.28571 74.83334 81.5 91.625 89.65385 90.15385 82.23077 74.80769 89.76923 86.92308 83.65385 88.72 86.6 84.33334 75.38461 66.42308 64.2 71.34615 70.65385 69.34615 66.38461 67.48 63.07692 73.26923 75 75.12 78.2963 69.88461 77.34615 77.56 63.68 38.03846 47.84615 68.53846 62.84615 -9999 -9999 -9999
-9999 -9999 -9999 -9999 53.19048 43.14286 60.25 -9999 -9999 37.18182 -9999 22 7.166667 29.42308 34.84615 25.14815 33.28 36.92308 42.38462 35.80769 44.04 48.65385 56.23077 57.80769 57.80769 56.48 62.84615 78.61539 69.22222 72.6 74.4 74.53846 87.69231 73.73077 77.44 79.48148 82.84615 59.95 67 84.2381 83.38461 83.57692 81.74074 80.96 85.11539 80.76923 73.15385 83.125 85.96296 80.34615 83.19231 83.92308 75.36 61.53846 67.57692 65.61539 64.88 65.92308 70 72.42308 69.6 71.65385 64.92308 64.61539 67 78.32 80.65385 82.5 84.34615 76.65385 73.2 73.38461 -9999 -9999
-9999 -9999 -9999 0 50.11538 82.66666 -9999 -9999 42 -9999 -9999 58 4.730769 12.15385 66.7037 67.32 38.23077 18.61539 42.07692 46.4 42.46154 43 49.19231 74 72.32 53.23077 58.11538 60.73077 68.8 76.96154 88.73077 86.73077 83.76923 76 63.62963 75.72 64.61539 56.2 55.24 54.11111 84.90476 90.18519 90.72 86.52 76.80769 66.76923 74 83.2963 86.69231 79.03846 74.76923 74.91666 85.92308 71.07692 70.80769 72 66.76923 74.5 66.30769 65.36 67.16 69.85185 67.57692 65.61539 62.88 66.42308 67.34615 71.73077 78.88461 85.36 79.5 72.57692 69.42308 -9999
-9999 -9999 -9999 -9999 52.16667 56.26667 31.5 59.2 -9999 -9999 -9999 -9999 20.42857 29.96296 76.30769 66.2 69.32 44.42308 26.73077 39.84 44.2963 47.46154 58.34615 65.96154 61.41667 65.34615 58.26923 65.7037 81.6 79.76923 92.53846 87.53846 74.375 71 65.73077 63.19231 55.88462 61.44 59.84615 59.75 52.14286 82.125 82.69231 89.07692 84.92308 84.15385 71.92 79.7037 87.57692 80.92308 79.91666 76.84615 77.96154 86.38461 82.42308 55.42308 69.19231 66.92308 63.96154 67.16666 65.96296 67.38461 65.15385 61.44 67.11539 67.69231 70.53846 72.11539 84.2 78.46154 66.5 66.92308 66.44 -9999
-9999 -9999 -9999 -9999 -9999 -9999 -9999 70 -9999 -9999 -9999 -9999 29.33333 23.48 64.44 69.30769 72.11539 73.57692 63.32 51.14815 35.5 36.5 32.52 55.68 60.11538 59.57692 64.96296 75.08 48.92308 84.57692 88.88461 84.64 81.61539 72.69231 59.65385 62.23077 53.64 47.76923 56 62 71.42857 66.42105 81.76923 88.84615 84.03846 80.32 85.25926 86 82.5 78.52 56.65385 83.46154 84.57692 88.96296 76.72 77.96 77.34615 76.34615 72.84 64.51852 66.92308 64.26923 65.42308 66.75 67.38461 64.84615 63.03846 73.57692 70.42308 68.34615 65.11539 66.92 70.36 66.92593
-9999 -9999 -9999 -9999 -9999 -9999 -9999 -9999 -9999 -9999 -9999 -9999 -9999 42.33333 71.08 79 72.19231 72.23077 70.69231 31.30769 55.8 61.73077 58.84 42.38462 65 60.07407 66.96 63.57692 69.04 87.57692 65.42308 64.24 66.2963 67.26923 58.80769 48.92 45.08 49.34615 49.07692 54.85185 59.78261 70.9 88.69231 83.84615 89.91666 69.96296 84.80769 80.30769 92.84 87.15385 68.53846 72.30769 88.07407 72.83334 68 68.92308 73.96154 81.72 73.11539 65.07407 64.03846 67.19231 64.375 66.53846 64.61539 67.76923 69.19231 65.03846 65.07692 66.03846 66.04 65.12 67.62963 60.96154
-9999 -9999 -9999 -9999 -9999 -9999 -9999 -9999 -9999 -9999 -9999 -9999 -9999 -9999 57.83333 66 60.84615 72.4 74.42308 43.11538 49.46154 55.12 62.30769 76.11539 45.96296 50.48 68 67.46154 74.07692 56.03846 53.96 64.66666 62.30769 52.69231 49.4 57.84 53.42308 57.96154 53.66667 60.12 54.32 63.85714 72.73077 82.44 82.92308 79.76923 65.56522 66.4 92.08 95.80769 95.92308 89.07692 74.08 64.57692 69.46154 64.5 66.73077 63.84 73.48148 71.32 70.42308 65.72 69.69231 65.34615 64.7037 76 62.8 65.2 51.19231 22.61539 56.28 59.77778 63.57692 63.57692
-9999 -9999 -9999 -9999 -9999 -9999 -9999 -9999 -9999 -9999 -9999 -9999 -9999 -9999 -9999 -9999 55.33333 55.16667 70.76 71 57.8 61.07692 62.42308 79.26923 88.42308 62.36 54.23077 58.11538 69.88461 47.44 67.22222 63.80769 70 57.8 52.26923 53.80769 59.53846 55.85185 54.32 56.80769 55.52 43.85714 71.72 70.57692 61.5 45.05556 76.375 80.18182 89 88.61539 83.85185 91.30769 86.65385 77.5 63.84615 63.61538 58.58333 55.88889 47.53846 86.69231 80.24 70 61.92308 66.07407 68.72 59 68.07692 68.84615 37.26923 12.6 54.84615 60.22222 62.38462 59.24
-9999 -9999 -9999 -9999 -9999 -9999 -9999 -9999 -9999 -9999 -9999 -9999 -9999 -9999 -9999 -9999 -9999 -9999 30.75 63.25 69.4 73.96 77.37037 81.88889 87.08 78.03846 63.11538 64.03846 64.61539 70.24 65.73077 63.03846 64.19231 62.36 54.73077 54.34615 56.96429 46.6 63.36 56.76923 50.95238 0 64.45 42.875 35 19.42308 80.08 71.95834 77.21739 86.22222 85.26923 86.08 94.11539 94.5 82.46154 86.04166 71.2963 68.19231 34.07692 72.30769 81.68 77.26923 77.73077 67.92308 62.28 63.26923 67.11539 68.42308 73.65385 64.32 45.62963 60.2 62.30769 58.04
-9999 -9999 -9999 -9999 -9999 -9999 -9999 -9999 -9999 -9999 -9999 -9999 -9999 -9999 -9999 -9999 -9999 -9999 -9999 -9999 59 60.66667 67.07692 73.48 85.30769 93.11539 81.03846 68.72 65.68 64.88889 67.34615 63.15385 70 62.65385 66.11539 67.22222 71.16666 44.26923 35.26923 67.42308 49.33333 -9999 -9999 -9999 -9999 20.38461 53.07692 70.61539 72.40741 89.03846 89.44 89.53846 85.88 91.69231 86.8 74.53846 63.40741 81.53846 69.11539 67 69.96 74.19231 80.44444 82 76.96154 67.57692 65.80769 63.03846 61.625 63.33333 63.26923 60.5 62.68 52.76923
-9999 -9999 -9999 -9999 -9999 -9999 -9999 -9999 -9999 -9999 -9999 -9999 -9999 -9999 -9999 -9999 -9999 -9999 -9999 -9999 -9999 -9999 57.57143 64.90476 74.61539 80.68 70.92308 33.68 58.96296 58.73077 63.57692 68.53846 62 67.56 66.85185 69.30769 69.4 60.73077 58.38462 54.38462 53.25 -9999 -9999 -9999 -9999 10.55556 5.269231 30.15385 38.03704 76 94.57692 82.84615 93.23077 88.34615 89.72 66.37037 63.92308 66.46154 67 67.19231 67.34615 72.33334 69.84615 68.96 78.19231 84.76923 68.46154 65.66666 60.96296 61.03846 61.38462 61.36 60.30769 67.65385
-9999 -9999 -9999 -9999 -9999 -9999 -9999 -9999 -9999 -9999 -9999 -9999 -9999 -9999 -9999 -9999 -9999 -9999 -9999 -9999 -9999 -9999 -9999 -9999 52.16667 53.95 73.45834 59.33333 50.80769 54.88462 63.68 54.4 58.42308 62.7037 59.69231 67.56 58.69231 62.34615 63.34615 53.16667 43 -9999 -9999 -9999 -9999 -9999 12.625 19.37037 31.08333 43.03846 81.34615 84.19231 86.03846 73.64 74.07407 83.23077 74.96 72.64 66.26923 64.92308 69.2963 66.69231 65.12 60.61538 62.72 66.15385 72.36 71.03846 64.18519 62.80769 60.53846 63.48 68.32 64.23077
-9999 -9999 -9999 -9999 -9999 -9999 -9999 -9999 -9999 -9999 -9999 -9999 -9999 -9999 -9999 -9999 -9999 -9999 -9999 -9999 -9999 -9999 -9999 -9999 -9999 -9999 32.5 53.07692 64.95834 71.48 36.2 43.65385 16.5 64.7037 63.57692 62.04 65.34615 66.8 59.8125 48 -9999 -9999 -9999 -9999 -9999 -9999 -9999 19.73684 33.96 57 68.07692 45.26923 71.76 39.03846 42.23077 80.57692 75.38461 70.72 61.96154 72.34615 74.88889 85.70834 80.19231 63.42308 63.96154 60.28 63.03846 71.92593 68.76923 62.76923 65.875 69.11539 64.23077 66.11111
-9999 -9999 -9999 -9999 -9999 -9999 -9999 -9999 -9999 -9999 -9999 -9999 -9999 -9999 -9999 -9999 -9999 -9999 -9999 -9999 -9999 -9999 -9999 -9999 -9999 -9999 -9999 -9999 -9999 52 47.8 58.65385 48.48148 58.68 64.08 57.88462 34.69231 49.07692 -9999 -9999 -9999 -9999 -9999 -9999 -9999 -9999 -9999 19.4 19.52941 51.95 61.92 49.04 61.04 57.81482 52.38462 65.26923 59.64 79.69231 85.65385 86.37037 92.29166 90.11539 84.61539 72.80769 63.26923 58.36 64.07407 73.96154 81.16 68.64 62 62.80769 65.7037 63.92308
-9999 -9999 -9999 -9999 -9999 -9999 -9999 -9999 -9999 -9999 -9999 -9999 -9999 -9999 -9999 -9999 -9999 -9999 -9999 -9999 -9999 -9999 -9999 -9999 -9999 -9999 -9999 -9999 -9999 -9999 -9999 25 41.22222 49.5 65.53333 35.38889 27.42857 -9999 -9999 -9999 -9999 -9999 -9999 -9999 -9999 -9999 -9999 -9999 21.09091 28.68 68.38461 55.36 49.77778 63.53846 50.30769 70.68 65.76923 79.6 85.22222 85.08 90.03846 88.07692 85.5 61.15385 54.92 68.46154 80.11539 68.57692 72.32 72.57692 64.57692 67.15385 64.22222 68.54166
-9999 -9999 -9999 -9999 -9999 -9999 -9999 -9999 -9999 -9999 -9999 -9999 -9999 -9999 -9999 -9999 -9999 -9999 -9999 -9999 -9999 -9999 -9999 -9999 -9999 -9999 -9999 -9999 -9999 -9999 -9999 -9999 -9999 -9999 -9999 -9999 -9999 -9999 -9999 -9999 -9999 -9999 -9999 -9999 -9999 -9999 -9999 28 57.33333 42.76923 82.8 82.81481 67.38461 62.84615 44.12 24.72 61.19231 74.88889 85.42308 87.28 95.46154 92.46154 85.5 58.56 70.56 60.14815 64.88461 65.53846 68.92 79.61539 76.26923 65.55556 61.83333 57.84615
-9999 -9999 -9999 -9999 -9999 -9999 -9999 -9999 -9999 -9999 -9999 -9999 -9999 -9999 -9999 -9999 -9999 -9999 -9999 -9999 -9999 -9999 -9999 39.5 32.35 25.68 26.15385 38.90909 41.59091 43 38.08696 45 45.85 68.5625 29.6 14.89474 10.875 10.47059 16.75 25.6 7.6 24.33333 -9999 -9999 0 0 -9999 -9999 70.05556 74.2 71.2963 81.65385 66.38461 64.375 59.38462 44.53846 82.69231 81.44444 76.56 79.57692 85.65385 96 89.84 77.42308 77.07407 63.5 64.61539 65.6 66.30769 69.12 75.85185 62 60.69231 66.65385
-9999 -9999 -9999 -9999 -9999 -9999 -9999 -9999 -9999 -9999 -9999 -9999 -9999 -9999 -9999 -9999 -9999 -9999 -9999 -9999 -9999 -9999 30.25 46.68 35.80769 33.73077 36.25 27.42308 40.15385 48.59259 37.11538 51.8 44.15385 49.46154 26.88 17.92 18.81482 16.34615 10.65385 18 -9999 13 0 -9999 -9999 0 0 -9999 62.66667 83.91666 61.57692 79.69231 69.34615 67.56 67.76923 85.65385 96.18519 86.44 90 77.73077 93.07692 90.15385 94.36 86.2963 82.42308 72.73077 61.88 60 61.23077 73.74074 75.07692 66.8 57.07692 63.76923
-9999 -9999 -9999 -9999 -9999 -9999 -9999 -9999 -9999 -9999 -9999 -9999 -9999 -9999 -9999 -9999 -9999 -9999 -9999 -9999 30.25 30.2 34.42308 26.73077 28.07692 35.64 40.26923 40.69231 43.33333 48 37.875 42.46154 57.53846 45.73077 8.04 3.407408 5.576923 12.15385 21.80769 43.04546 33.55 31.47619 28.09524 41.75 -9999 0 0 0 -9999 50.33333 80.38461 60.30769 72.2 61.57692 60.03846 72.92593 74.28 84.48 81.42308 88.5 85.23077 90.04 86.40741 95 84.11539 51.875 61.30769 64.88461 63.69231 63.74074 77.44 75.42308 65.96154 62.6
-9999 -9999 -9999 -9999 -9999 -9999 -9999 -9999 -9999 -9999 -9999 -9999 -9999 -9999 -9999 -9999 -9999 -9999 -9999 45.42857 46.96 40.76923 39.65385 32.61538 31 28.36 38 46.18518 45.65385 43.6 37.36 32 36.38462 16.65385 6.846154 13 3.846154 1.653846 11.875 24.34615 11.57692 28.40741 20.84615 30.30435 40.33333 0 0 0 0 -9999 71.05556 57.61538 55.92 81.76923 70.84615 62.61538 91.44 83.84615 81 88.92308 88.38461 83.36 84.96154 90.73077 84.57692 76.8 57.92308 59.80769 55.74074 65.16666 68.5 73.96154 68.38461 64.61539
-9999 -9999 -9999 -9999 -9999 -9999 -9999 -9999 -9999 -9999 -9999 -9999 -9999 -9999 -9999 -9999 -9999 -9999 -9999 53.8 63.62963 46.34615 34.65385 35.46154 33.32 21.11539 43.38462 46.34615 38.12 40.19231 30.38461 21.80769 35.80769 12.72 9.769231 3.307692 0.9615384 1.76 2.192308 22.38461 31.59259 24.53846 17.29167 35.42308 40.91304 43.5 0 0 2.571429 5.444445 34.82609 69.08 62.34615 79 82.96296 68.04 50.19231 81.30769 81.38461 82.52 94.76 89.25926 78.80769 86.88461 85.08 85.69231 79.96154 62.59259 60.96 39.52 62.69231 65.34615 73.61539 69.96
-9999 -9999 -9999 -9999 -9999 -9999 -9999 -9999 -9999 -9999 -9999 -9999 -9999 -9999 -9999 -9999 -9999 -9999 -9999 44.9 57.08 66.5 57.30769 28.68 24.88 29.30769 26.25926 17.65385 38.16 28.15385 31.46154 22.69231 32.66667 7.074074 2.769231 2.076923 0.9615384 1.8 2.269231 47.77778 42.34615 20.70833 12.80769 45 55.15385 38.09524 43 0 7.64 0.4615385 12.125 63.53846 72.76923 67.37037 71.92308 71.8 79.57692 74.53846 86.16 70.32 75.85185 81.5 78.30769 89.28 88 75.53846 74.84615 75.34615 73.28 67.65385 67.5 59.65385 75.64 74.88461
