input/PERCENT_IMPERVIOUS_COVER.asc
ncols         229
nrows         293
xllcorner     -699542.60804304
yllcorner     8979718.0271142
cellsize      500
NODATA_value  -9999
[rows 32 to 63 of 293, columns 0 to 73 of 229]
-9999 -9999 -9999 -9999 50.83333 43.66667 13 0 0.6153846 2.518518 15.69231 34.27778 0 -9999 -9999 -9999 -9999 -9999 -9999 -9999 -9999 -9999 12.03704 17.26923 0 0 6.961538 20.15385 27.69231 33 62.23077 50.34615 75.07692 63.88 52.26923 44.69231 63.11111 57 57.56 78.42308 90.65385 68.38461 81.76 65.18519 62.96154 62.53846 68.76 78.12 74.53846 62.55556 65.19231 53.8 85.42308 68.23077 54.76923 40.44 -9999 -9999 -9999 -9999 -9999 -9999 -9999 -9999 -9999 -9999 -9999 -9999 -9999 -9999 -9999 -9999 -9999 -9999
-9999 -9999 -9999 -9999 -9999 36 22.65217 8.038462 5.37037 0.7692308 0.8 10.84 23.61539 11.56 41.73913 46.2 -9999 -9999 -9999 -9999 -9999 -9999 -9999 8.153846 0 0 1.807692 15.26923 17.8 22.66667 66.23077 77.80769 79.32 70.88461 57.88462 52.88889 69.48 50.48 50.38462 67.07692 83.30769 64.68 80.2963 69.88461 66.32 65.38461 67.72 73.23077 68.25926 64.84615 51.6 46.53846 92.96 76 78.52 82 -9999 -9999 -9999 -9999 -9999 -9999 -9999 -9999 -9999 -9999 -9999 -9999 -9999 -9999 -9999 -9999 -9999 -9999
-9999 -9999 -9999 -9999 -9999 -9999 46.6 36 6.115385 3.666667 4.269231 0.1538462 13 50.37037 76.2 74.45834 62.14286 53.8125 -9999 -9999 -9999 -9999 -9999 -9999 -9999 3.6 4.769231 22.11539 64.53846 75.69231 55.80769 44.34615 68.72 55.68 49.03704 55.69231 65.52 56 43.61538 55.38462 76.38461 74.26923 76.38461 69.65385 68.73077 67.84 67.76923 72.30769 66.62963 66.16 38.16 23.92308 63.65385 66.11539 84.56 86.7037 77.38461 -9999 -9999 -9999 -9999 -9999 -9999 -9999 -9999 -9999 -9999 -9999 -9999 -9999 -9999 -9999 -9999 -9999
-9999 -9999 -9999 -9999 -9999 -9999 60.22222 64.5 12.07692 8.92 4.538462 0.2307692 4.846154 21 79 81.92308 81.96154 89.46154 87.72 -9999 -9999 -9999 -9999 -9999 -9999 -9999 19.23077 23.69231 55.61538 51.30769 -9999 -9999 42 27.59259 58 64.76 59.80769 56.5 62.92308 50.42308 78.04 61.61538 59.53846 59.34615 81.8 57.15385 62.26923 70.40741 74.66666 45.03846 17.03846 51.07692 50.5 49.5 77.74074 78.92308 78.68 70.68 -9999 -9999 -9999 -9999 -9999 -9999 -9999 -9999 -9999 -9999 -9999 -9999 -9999 -9999 -9999 -9999
-9999 -9999 -9999 -9999 -9999 62.5 56.6 66.53846 20.36 1.384615 7.538462 7.192307 0 0.08 20.69231 50.46154 80.42308 89.8 88.15385 82.44444 75.42308 -9999 -9999 -9999 -9999 -9999 -9999 -9999 -9999 -9999 -9999 -9999 50.53846 57.85185 50.73077 54.88 64.69231 55.16 79.92308 86.76923 45.84615 84.03846 68.69231 64.19231 72.16 58.8 59.37037 73.19231 82.64 38 48 61.38462 59.19231 54.12 43.84615 66.61539 85.76923 58.56 69.80769 49.07692 50.7037 33.58333 25.23077 -9999 -9999 -9999 -9999 -9999 -9999 -9999 -9999 -9999 -9999 -9999
-9999 -9999 -9999 -9999 49.8 39.68 20.15385 37 11.34615 14.53846 3.76 6.777778 4.64 7.076923 24.57692 39.15385 79.52 86.34615 84.76923 88.65385 87 65.23077 -9999 -9999 -9999 -9999 -9999 -9999 -9999 -9999 -9999 56.19231 43.81482 68.84615 59.79167 66.57692 83.96154 89.46154 75.84615 53.88462 66.92308 75.76923 63.8 61.6 60 56.92593 61.57692 78.08 68.96154 60.42308 61.80769 60.48 58.38462 55.34615 54.57692 58.46154 84.76 68.26923 51.5 59.92593 69.58334 61.38462 54.46154 -9999 -9999 -9999 -9999 -9999 -9999 -9999 -9999 -9999 -9999 -9999
-9999 -9999 -9999 -9999 61.75 63.04 24.75 16.88 8.5 2.153846 9.888889 5.6 7.692307 3.730769 34.80769 55.08 77.12 83.53846 65.7037 66.19231 80.76 43.5 -9999 -9999 -9999 -9999 -9999 -9999 -9999 -9999 -9999 83.48148 84 78.95834 80.03846 68.57692 80.19231 75 53.36 26.73077 61 81.76 65.6 57.88462 57.96154 55.92593 61.88462 78.08 64.42308 64.48 60.26923 62.42308 60.53846 57.53846 52.15385 58.76 81.73077 59.68 53.40741 64.76923 66.4 61.26923 54.73077 -9999 -9999 -9999 -9999 -9999 -9999 -9999 -9999 -9999 -9999 -9999
-9999 -9999 -9999 -9999 30 23 -9999 37.83333 26.6 31.73077 20.15385 7.461538 9.346154 3.692308 2.458333 37.84615 46.03846 29.18518 27.88461 32.96 84.34615 50.15385 15.28 -9999 -9999 -9999 -9999 -9999 -9999 -9999 -9999 29.19231 21.04 79.15385 77.30769 75.34615 84.80769 63.72 44.46154 41.80769 54.73077 82.56 59.03846 46.46154 67.92593 59.04 62.52 82.34615 59.65385 56.42308 60.5 61.57692 62.73077 60.15385 57.6 66.68 81.23077 74.59259 58.84615 56.6 59.96154 62.15385 72.96154 -9999 -9999 -9999 -9999 -9999 -9999 -9999 -9999 -9999 -9999 -9999
-9999 -9999 -9999 -9999 -9999 -9999 -9999 -9999 -9999 37.1 42.25 31.57692 2.730769 1.846154 7.6 4.423077 13.14815 17.73077 24.24 33.56 79.53846 81.42308 68.2963 -9999 -9999 30.84615 18.57692 43.68 67.16 13.96154 27.07407 7.346154 43.56 74.19231 75.73077 80.30769 76.04 46.80769 59.69231 56.46154 52.96154 81.72 61.07692 60.03704 53.19231 61.08333 60.19231 78.38461 62.96154 43.15385 56.34615 64.26923 64.96154 58.32 56.72 60.34615 66.76923 74.11111 56.48 59.57692 59.57692 54.48 55.16 -9999 -9999 -9999 -9999 -9999 -9999 -9999 -9999 -9999 -9999 -9999
-9999 -9999 -9999 -9999 -9999 -9999 -9999 -9999 -9999 -9999 40.58333 45.19231 9.5 3.84 1.192308 38.37037 24.34615 20.8 19 24.57692 74.38461 91.03846 86.38461 69.84615 -9999 -9999 41.54167 76.92308 68.53846 21.59259 29.61539 39.56 75.92308 86.53846 84.6 82.84615 62.38462 76.76923 64.46154 60.76923 45.96 68.07692 63.07692 63.5 62.52 62 63.5 79.92308 67.84615 64.04 58.80769 68.76923 68.61539 64.28 64.80769 63.76923 61.81482 78.16 56.12 51.96154 63.34615 53.38462 54.76923 -9999 -9999 -9999 -9999 -9999 -9999 -9999 -9999 -9999 -9999 -9999
-9999 -9999 -9999 -9999 -9999 -9999 -9999 -9999 -9999 -9999 18 34.19231 3.961539 1.04 0.1538462 9.576923 28.42308 34.44 8.076923 21.5 71.07692 89.74074 89.66666 79.65385 -9999 -9999 44.16 62.11538 69.77778 51.92308 64.5 64.34615 78.26923 86.38461 74.37037 73.64 64.76923 73.80769 72.03846 67.08334 64.65385 77.30769 65.03704 64.24 60.11538 61.92308 66.65385 77.11539 74.4 64 64.07692 63.80769 63.64 66.38461 60.73077 60.11111 60.12 70.08 69.23077 48.61538 65.69231 58.15385 54.30769 -9999 -9999 -9999 -9999 -9999 -9999 -9999 -9999 -9999 -9999 -9999
-9999 -9999 -9999 -9999 -9999 -9999 -9999 -9999 -9999 -9999 -9999 31.26087 8.68 7.884615 12.11111 17.11539 46.96 42.30769 31.42308 33.84615 23.5 85.24 91.30769 77.73077 49.61538 -9999 0 44.2963 85.5 58.92 63.96 77.23077 80.34615 84.23077 82.65385 68.5 59.15385 59.5 63.5 68.76923 63.57692 64.96296 67.92308 65.44 69.5 70.65385 74.36 82.65385 84.53846 65.65385 61.15385 60.07692 59.36 56.69231 63.11538 55 57.8 65.80769 77.76923 60.38462 61.46154 57.56 58.65385 -9999 -9999 -9999 -9999 -9999 -9999 -9999 -9999 -9999 -9999 -9999
-9999 -9999 -9999 -9999 -9999 -9999 -9999 -9999 -9999 -9999 14.25 33.875 52.53846 64.55556 47.26923 32.84615 29.12 40.38462 27.19231 66.96154 34.68 59.11538 80.5 78.80769 70.4 5.423077 0 37.46154 86.15385 82.44 84.80769 87.84615 91.38461 92 89.28 77.34615 67.19231 63.88 69.34615 66.53846 69.40741 66.11539 66.54166 68.53846 66.69231 69.15385 72.15385 79.46154 67.76923 59.69231 56.48 58.16 62.73077 58 57.48148 56.52 63.88462 62.96154 77.19231 56.96 65.80769 53.53846 56.92308 -9999 -9999 -9999 -9999 -9999 -9999 -9999 -9999 -9999 -9999 -9999
-9999 -9999 -9999 -9999 -9999 -9999 -9999 -9999 -9999 43.07143 8.9 43.88889 68.18519 69.61539 67.15385 31 22.61539 64.96154 41.38462 60.34615 39.03846 59.19231 75.92308 80.52 74.92 80 80.22222 81.5 77.36 42.76923 77.53846 88.03846 87.23077 79.64 75.96154 69.65385 60.30769 63.24 66.26923 64.96296 71.03846 61.52 60.52 73.15385 71.76923 77.34615 76.88461 83.73077 67.11539 64.61539 63.125 62.11538 65.61539 62.62963 56.57692 59.84 60 70.42308 71.92 69.92308 49.11538 59.19231 54 -9999 -9999 -9999 -9999 -9999 -9999 -9999 -9999 -9999 -9999 -9999
-9999 -9999 -9999 -9999 -9999 -9999 -9999 -9999 -9999 29 23.92 58.7037 67.76923 70.80769 83.70834 49.11538 16.15385 13.38461 44.61538 63.19231 60.57692 82.53846 85.80769 85.79166 83 81.18519 79.96154 74.64 65.69231 77.42308 87.07692 93.32 84.76923 73.11539 75.38461 75.61539 66.2 68.5 71.73077 82.76923 80.04 72.42308 59 69.03846 79.65385 67.23077 73.4 79.38461 83.26923 66.72 64.84615 60.92308 64.22222 64.46154 54.25 63.42308 62.23077 72.61539 69.19231 72.69231 53.96154 55.53846 48.16 -9999 -9999 -9999 -9999 -9999 -9999 -9999 -9999 -9999 -9999 -9999
-9999 -9999 -9999 -9999 -9999 -9999 -9999 -9999 -9999 27.5 26.36364 47.92 67.53846 61.92 58.96154 67.23077 34.57692 32.03704 24.84 76.12 86.65385 87.73077 87.68 86.55556 84 88.11539 88.65385 79.54166 67.34615 79.53846 87.38461 87.11539 71.76923 57.57692 65.84615 72.68 74 62.61538 65.59259 81.69231 82.08 70.84615 65.42308 77.53846 55.12 79.46154 79 85.34615 76.92308 71.56 63.23077 67.2963 64.26923 68.375 67.57692 70.73077 66.53846 63.19231 65.80769 77.53846 62.03846 57.61538 -9999 -9999 -9999 -9999 -9999 -9999 -9999 -9999 -9999 -9999 -9999 -9999
-9999 -9999 -9999 -9999 -9999 -9999 -9999 -9999 -9999 -9999 -9999 46.625 39.36 44.5 53.5 42.80769 40.11111 37.79167 26.73077 71.65385 75.65385 81.68 78.84615 79.7037 88.65385 91.08 92.08 82.96154 66.96154 86.53846 84.42308 67.42308 49.34615 34.76923 55.24 64.2 68.59259 75.40741 57.69231 80.44 69.88461 78.5 71.30769 71.76 77.61539 92.46154 81.80769 86.38461 76 67.34615 70.03846 56.88462 74.32 69.19231 68.03846 73.19231 66.88461 68.61539 67.08 76.57692 79.46154 58.76 56.11538 -9999 -9999 -9999 -9999 -9999 -9999 -9999 -9999 -9999 -9999 -9999
-9999 -9999 -9999 -9999 -9999 -9999 -9999 -9999 -9999 -9999 -9999 55.11111 70.6 55.2 66.12 72.11539 45.84 52.5 40.23077 33.42308 55.57692 80.12 90.88889 90.88 84.42308 91.8 89.03846 74.92308 76.34615 78.51852 59.76 45.92 47.42308 44.42308 53.76 61.66667 61.80769 68.92308 83.52 83.96 84.03846 72.15385 67.88461 70.07692 63.30769 77.69231 64 82.83334 72.5 59.2963 52.03704 17.19231 67.52 66.73077 80.88461 82.34615 80.84 77.53846 72.88461 70.80769 81.08 62.84615 52.65385 -9999 -9999 -9999 -9999 -9999 -9999 -9999 -9999 -9999 -9999 -9999
-9999 -9999 -9999 -9999 -9999 -9999 -9999 -9999 -9999 -9999 -9999 -9999 -9999 -9999 -9999 37.5 77.66666 54.96154 12.53846 29.73077 21.66667 58.11111 82.76923 91 81.64 83.26923 77.34615 83.30769 82.19231 67.76 31.76923 34.26923 29.15385 35.8 54.30769 65 66.80769 78.48 65.32 73.84615 73.84615 77.11539 72.23077 66.42308 64.96154 79.65385 83.8 81.72 58.07407 55.76923 33.15385 14.68 71.46154 63.92308 68.88461 80.4 87 85.73077 86.69231 73.88461 71.96 78.23077 61.40741 54.65385 -9999 -9999 -9999 -9999 -9999 -9999 -9999 -9999 -9999 -9999
-9999 -9999 -9999 -9999 -9999 -9999 -9999 -9999 -9999 -9999 -9999 -9999 -9999 -9999 -9999 -9999 40.11111 48.16667 32.11765 23.91667 36.2963 47.07692 55.34615 63.03846 63.16 80.57692 85.80769 90.30769 80 80.61539 91.5 75.5 71.92 75.19231 77.96296 69.32 69.07692 68.68 72.61539 72.96154 72.80769 68.11539 67 62.64 49.46154 56.73077 57.44 76.03704 71.46154 57.96154 55.6 51.92 51.61538 61.34615 54.68 59.96296 66.88461 62.57692 61.65385 63.25 57.03846 76.51852 61.61538 59.52 -9999 -9999 -9999 -9999 -9999 -9999 -9999 -9999 -9999 -9999
-9999 -9999 -9999 -9999 -9999 -9999 -9999 -9999 -9999 -9999 -9999 -9999 -9999 -9999 -9999 -9999 -9999 -9999 -9999 52.625 42.72 38.15385 38.88462 51.96 83.04 79.80769 88.07692 89.88461 86.76923 85.92308 86.19231 74.76923 68.25 77.18519 83.30769 67.84615 63.76 63.57692 63.34615 65.38461 72.23077 58 56.34615 61.76923 54.69231 56.8 64.92308 83.59259 73.46154 64.24 63.84 62.53846 58.03846 60.26923 62.07692 65.88461 66.53846 57.07692 64.44 69.32 73.88889 86.15385 58.65385 60.64 -9999 -9999 -9999 -9999 -9999 -9999 -9999 -9999 -9999 -9999
-9999 -9999 -9999 -9999 -9999 -9999 -9999 -9999 -9999 -9999 -9999 -9999 -9999 -9999 -9999 -9999 -9999 -9999 -9999 -9999 35 38.69231 36.25 40.96154 63.65385 75.26923 85.80769 77.5 75.30769 70.80769 63.84615 75.79166 70.03704 73.73077 75 72.6 67.92308 65.53846 63.53846 66.73077 75.16 58.03846 55.96154 61.80769 56.44 69.92308 64 71.4 50.68 50.88462 58.42308 61.61538 63.07692 60.76923 65.69231 63.44 59.46154 60.48 58.76923 61.07407 68.30769 77.34615 80.76 65.24 -9999 -9999 -9999 -9999 -9999 -9999 -9999 -9999 -9999 -9999
-9999 -9999 -9999 -9999 -9999 -9999 -9999 -9999 -9999 -9999 -9999 -9999 -9999 -9999 -9999 -9999 -9999 -9999 -9999 -9999 -9999 39.88889 25.38461 38.84615 59.76923 72.77778 70.52 67.5 86.72 89.15385 90.8 92.80769 88.59259 85.5 78.5 68.04 70.24 71.07692 65.34615 65.46154 32.96154 34.76923 62.96154 66.92308 62 72.77778 72.11539 69.65385 66.56 67.84615 57.26923 81.96154 78.26923 60.56 59.30769 57.69231 30.15385 60.52 56.92308 60.03704 56.34615 74.83334 84.19231 70.96154 -9999 -9999 -9999 -9999 -9999 -9999 -9999 -9999 -9999 -9999
-9999 -9999 -9999 -9999 -9999 -9999 -9999 -9999 -9999 -9999 -9999 -9999 -9999 -9999 -9999 -9999 -9999 -9999 -9999 -9999 -9999 -9999 21.84 42.53846 38.37037 45.41667 41.07692 82.23077 79.30769 81.52 79.71429 88.43478 83.65218 82.76923 88.20834 83.52 80.12 77.15385 76.03846 77.5 74.11539 66.30769 78.52 71.8 74.66666 72.38461 78.92308 71.96 67.46154 61.73077 74.57692 76.08 79.26923 74.46154 72.38461 60.96154 52.44 67.5 69.81481 59.84 64.48 66.73077 82.92308 83 59.65385 59.61538 -9999 -9999 -9999 -9999 -9999 -9999 -9999 -9999
-9999 -9999 -9999 -9999 -9999 -9999 -9999 -9999 -9999 -9999 -9999 -9999 -9999 -9999 -9999 -9999 -9999 -9999 -9999 -9999 -9999 -9999 23.94737 36.96154 34.04 15.61539 47.61538 36.65385 46.96154 74.68 89.75 84 80.91666 74.625 93.46154 86.69231 76.34615 79.74074 78.56 69.07692 78.96 78.92308 82.24 66.53846 66.25926 63 66.69231 58.64 59.04 59.30769 64.80769 70.53846 76.30769 74.5 66.03846 60.64 41.44 85.62963 66.23077 45.15385 59.08 46.23077 49.88462 83.19231 52.96 64.30769 56.30769 63.11538 -9999 -9999 -9999 -9999 -9999 -9999
-9999 -9999 -9999 -9999 -9999 -9999 -9999 -9999 -9999 -9999 -9999 -9999 -9999 -9999 -9999 -9999 -9999 -9999 -9999 -9999 -9999 -9999 -9999 21.42857 19.46154 7.076923 7.346154 4.538462 16.52 71.11539 92.28 86.41177 91.18182 73.71429 88.26923 62.26667 90 81.8 78.84615 85.65385 85.34615 78.76 74.23077 65.77778 68.23077 58.88 67.2 61.65385 54.42308 59 51.69231 77.92308 80.80769 73.38461 66.56 68.68 50.25926 57.5 42.53846 25.28 57.26923 61.84615 52.65385 79.44 78.03846 67.5 59.57692 64.65385 56.36 63.23077 -9999 -9999 -9999 -9999
-9999 -9999 -9999 -9999 -9999 -9999 -9999 -9999 -9999 -9999 -9999 -9999 -9999 -9999 -9999 -9999 -9999 -9999 -9999 -9999 -9999 -9999 -9999 -9999 36.73333 5.653846 1.692308 1.56 29.64 65.22222 90.5 95.5 91.68 83.25 81 34.6875 87.2 89.07692 79.96154 85.96154 86.69231 81.56 85.2963 81 73.64 71.96 73.84615 72.88461 83.5 73.34615 85.46154 82.88461 75.32 74.46154 67.92 69.34615 62.25926 61.88462 58.08 61.73077 61.6 55.76923 61.65385 60.30769 72.5 80.92308 68.46154 65.76 64 48.18518 49.15385 58.6 -9999 -9999
-9999 -9999 -9999 -9999 -9999 -9999 -9999 -9999 -9999 -9999 -9999 -9999 -9999 -9999 -9999 -9999 -9999 -9999 -9999 -9999 -9999 -9999 -9999 -9999 15.10526 19.96 11.8 1.692308 21.96296 66.76923 78.96154 86.2 86.38461 80.24 85 40 81.45454 86.76923 77.38461 82.96154 84.72 83.61539 87.96154 83 83.88 70.84615 63.30769 74.46154 79.73077 72.76 93.07692 93.34615 90.53846 84.08 66.11539 68.92593 59.19231 60.24 54.68 51.38462 57.19231 69.84615 67.73077 72.46154 76.15385 83.23077 68 61.8 59.25926 57 61.88462 64.2 47.07692 -9999
-9999 -9999 -9999 -9999 -9999 -9999 -9999 -9999 -9999 -9999 -9999 -9999 -9999 -9999 -9999 -9999 -9999 -9999 -9999 -9999 -9999 -9999 -9999 -9999 17.91304 22.88461 9.68 2.814815 3.346154 40.65385 77.66666 81.96154 72.61539 89.42308 91.22222 76.25 25.8 83.75 77.95454 86.41666 87 82.96296 76.65385 67.96 74.76923 77.53846 68.57692 75.34615 67.96 69.69231 83.15385 83.30769 82.36 78.96154 53.59259 47.15385 65.56 65.96 51.42308 15.5 8.153846 36.46154 55.15385 61.34615 67.76 70.68 79.84615 73 58.18518 59.46154 51.88 52.92308 61.08 -9999
-9999 -9999 -9999 -9999 -9999 -9999 -9999 -9999 -9999 -9999 -9999 -9999 -9999 -9999 -9999 -9999 -9999 -9999 -9999 -9999 -9999 -9999 -9999 25.66667 11.53846 24.76 7.481482 2.5 2.538461 2.875 15.84615 25.34615 28.92308 88.88889 88.48 84.92308 66.16666 -9999 68 83 80.44444 78.96154 74.30769 59 61.42308 58.92 69.88461 73.42308 68.15385 76.57692 93.30769 96.84615 34.36 38.34615 26.46154 32.88462 50.48 67.34615 44.46154 43.23077 44.73077 47.44 60.73077 55.38462 67.03846 68.96 71.5 76.07407 64.96154 62.88 58.96 61.46154 67.07692 60.76923
-9999 -9999 -9999 -9999 -9999 -9999 -9999 -9999 -9999 -9999 -9999 -9999 -9999 -9999 -9999 -9999 -9999 -9999 -9999 -9999 -9999 -9999 -9999 16 5.16 47.38462 22.19231 4.038462 4.615385 2.92 2.692308 8.269231 39.48148 78.32 87.80769 94.92308 90.64286 -9999 55 78.96296 79.69231 80.19231 89.29166 56.80769 45.38462 45.80769 62.07692 27.57692 46.65385 78.23077 85.92308 97.20834 35.61538 11.66667 21.46154 38.36 59.73077 62.23077 66.73077 47.4 49.53846 58.15385 54.96154 61.11538 66.36 62.07692 71.25926 73.30769 69.66666 60.26923 60.53846 63.46154 76.96154 51.42308
-9999 -9999 -9999 -9999 -9999 -9999 -9999 -9999 -9999 -9999 -9999 -9999 -9999 -9999 -9999 -9999 -9999 -9999 -9999 -9999 -9999 -9999 -9999 12.75 7.6 17.66667 2.269231 16.69231 37.04 5.423077 2.807692 8.37037 38.8 47.12 85.96154 92.76923 85.6 -9999 65.75 81.53846 75.57692 79.83334 72.73077 37.76923 16.42308 23.60714 39.24 38.92308 48.5 41.72 77.8 88.23077 24.85185 49.69231 62.61538 61.72 79.23077 69.12 71.76923 62.30769 64.11539 51.61538 51.57692 59.5 59.08 58.80769 65.03846 79.65385 82.64 70 62.46154 55.34615 60.48 63.23077
