input/PERCENT_IMPERVIOUS_COVER.asc
ncols         229
nrows         293
xllcorner     -699542.60804304
yllcorner     8979718.0271142
cellsize      500
NODATA_value  -9999
[rows 224 to 255 of 293, columns 148 to 221 of 229]
82.36 73.03704 66.26923 68.46154 64.5 61.58333 63.03846 60.18518 59.73077 61.92 70.88461 58.76923 59.11538 62.2 64.11539 77.23077 70.5 60.26923 61.4 58.19231 72.33334 67.5 69.72 63.72 63.53846 66.23077 78.73077 80.88 84.03704 76.03846 61.23077 -9999 -9999 -9999 -9999 -9999 -9999 -9999 -9999 -9999 -9999 -9999 -9999 -9999 -9999 -9999 -9999 -9999 -9999 -9999 -9999 -9999 -9999 -9999 -9999 -9999 -9999 -9999 -9999 -9999 -9999 -9999 -9999 -9999 -9999 -9999 -9999 -9999 -9999 -9999 -9999 -9999 -9999 -9999
87.34615 77 74.65385 65.61539 64.52 61 60.74074 61.84615 65.03846 59.28 63.96154 74.07692 65.19231 67.04 72.23077 79.80769 63.57692 63.96154 74.24 66.69231 76.26923 67.57692 62.28 56.5 58.42308 71.38461 72.66666 76 83.92 69.96154 64.46154 72.12 -9999 -9999 -9999 -9999 -9999 -9999 -9999 -9999 -9999 -9999 -9999 -9999 -9999 -9999 -9999 -9999 -9999 -9999 -9999 -9999 -9999 -9999 -9999 -9999 -9999 -9999 -9999 -9999 -9999 -9999 -9999 -9999 -9999 -9999 -9999 -9999 -9999 -9999 -9999 -9999 -9999 -9999
90.65385 69.44 27.80769 69.8 64.38461 65.48148 63.5 64.46154 59.84 59.4 40.96154 9.576923 69.6 64 65.53846 71.57692 62.42308 64.79166 65.26923 79.88889 73.92308 67.32 62.53846 63.92308 69.42308 68.42308 61.76 40.34615 43.26923 77 66.52 70.84615 69.07407 -9999 -9999 -9999 -9999 -9999 -9999 -9999 -9999 -9999 -9999 -9999 -9999 -9999 -9999 -9999 -9999 -9999 -9999 -9999 -9999 -9999 -9999 -9999 -9999 -9999 -9999 -9999 -9999 -9999 -9999 -9999 -9999 -9999 -9999 -9999 -9999 -9999 -9999 -9999 -9999 -9999
86.42308 67 32.76923 66.36 62.38462 63.55556 64 64.58334 56.19231 59.96154 44.80769 30.30769 56.11538 67.23077 64.5 72.42308 66.95834 66.07692 61.88889 76.69231 73.84615 60.64 62.80769 68.23077 54.84615 71.04 65.38461 32.96154 56.15385 61.52 65.69231 71.11539 69.69231 57.30769 -9999 -9999 -9999 -9999 -9999 -9999 -9999 -9999 -9999 -9999 -9999 -9999 -9999 -9999 -9999 -9999 -9999 -9999 -9999 -9999 -9999 -9999 -9999 -9999 -9999 -9999 -9999 -9999 -9999 -9999 -9999 -9999 -9999 -9999 -9999 -9999 -9999 -9999 -9999 -9999
85.11539 67.46154 66.8 73.42308 64.11111 64.44 66.8 76.23077 64.88461 60.69231 83.2963 63.92308 53.88462 68.28 79.53846 62.84 56.23077 58.96296 58.26923 64.46154 74.04 56.76 59.84615 43.42308 53.53846 57.42308 63.15385 53 53.30769 64.66666 64.61539 76.11111 80.42308 52.36 59.46154 -9999 -9999 -9999 -9999 -9999 -9999 -9999 -9999 -9999 -9999 -9999 -9999 -9999 -9999 -9999 -9999 -9999 -9999 -9999 -9999 -9999 -9999 -9999 -9999 -9999 -9999 -9999 -9999 -9999 -9999 -9999 -9999 -9999 -9999 -9999 -9999 -9999 -9999 -9999
67.84615 61.8 64.32 72.59259 63.69231 62.15385 63.6 69.84615 60.42308 58.03704 59.58333 54.53846 57.07692 56.84615 52.56 64 56.07692 44.85185 58.23077 50.66667 66.96154 64.23077 58.46154 57.84615 58.53846 57.61538 66.88461 69.26923 68.375 63 59.88889 57.46154 69.64 68.96154 59.53846 -9999 -9999 -9999 -9999 -9999 -9999 -9999 -9999 -9999 -9999 -9999 -9999 -9999 -9999 -9999 -9999 -9999 -9999 -9999 -9999 -9999 -9999 -9999 -9999 -9999 -9999 -9999 -9999 -9999 -9999 -9999 -9999 -9999 -9999 -9999 -9999 -9999 -9999 -9999
73.84 61.48 44.55556 67.80769 57.88462 61.32 63.5 61.46154 62.65385 59.04 61.76923 55 58.23077 60.30769 69.52 84.11539 79.22222 38.96 65.16 60.53846 71.80769 74.11539 51.40741 11.8 17.30769 32.28 72.23077 71.72 72.73077 62.77778 59.46154 59.30769 60.72 74.32 68.73077 63.11538 -9999 -9999 -9999 -9999 -9999 -9999 -9999 -9999 -9999 -9999 -9999 -9999 -9999 -9999 -9999 -9999 -9999 -9999 -9999 -9999 -9999 -9999 -9999 -9999 -9999 -9999 -9999 -9999 -9999 -9999 -9999 -9999 -9999 -9999 -9999 -9999 -9999 -9999
66.12 72.65385 15.62963 33.88462 47.2 60.38462 62.64 62.26923 64.53846 52.19231 62.03846 61.5 58.34615 70.36 83.76 85.96296 88.5 75.08 71.38461 80.19231 84.34615 62.7037 68.70834 56.03846 59.30769 59 72.12 70.11539 55.5 66.55556 60.69231 65.54166 70.76923 65 64.46154 55.46154 47 -9999 -9999 -9999 -9999 -9999 -9999 -9999 -9999 -9999 -9999 -9999 -9999 -9999 -9999 -9999 -9999 -9999 -9999 -9999 -9999 -9999 -9999 -9999 -9999 -9999 -9999 -9999 -9999 -9999 -9999 -9999 -9999 -9999 -9999 -9999 -9999 -9999
26.03846 76.48148 61.15385 43.52 30.48 43.03846 57.84615 61.22222 58.36 52.15385 58.73077 63.73077 43.12 63.8 90.96296 86.96154 78.23077 83.6 78.19231 79.53846 89.96154 77.92 67.30769 77.76923 67.73077 67.57692 68.8 76.84615 57.48148 62.8 70.2 62.03846 59.53846 58.69231 54.44444 65.84 78.76923 73.44 -9999 -9999 -9999 -9999 -9999 -9999 -9999 -9999 -9999 -9999 -9999 -9999 -9999 -9999 -9999 -9999 -9999 -9999 -9999 -9999 -9999 -9999 -9999 -9999 -9999 -9999 -9999 -9999 -9999 -9999 -9999 -9999 -9999 -9999 -9999 -9999
2.481482 71.46154 85.25 65.80769 62.03846 59.5 60.22222 61.96 63.57692 58.80769 53.28 56.44 68.11539 68.07692 82.33334 83.26923 79.36 85.03846 76.28 61.34615 82.30769 63.38462 52.76923 51 49.53846 48 59.28 70 55.73077 21.92 35.73077 58.53846 57.19231 52 49.96 45.84615 67.26923 75.19231 68.52 -9999 -9999 -9999 -9999 -9999 -9999 -9999 -9999 -9999 -9999 -9999 -9999 -9999 -9999 -9999 -9999 -9999 -9999 -9999 -9999 -9999 -9999 -9999 -9999 -9999 -9999 -9999 -9999 -9999 -9999 -9999 -9999 -9999 -9999 -9999
0 25.34615 86 77.07692 65.80769 61.73077 62.76923 63.64 61.38462 58.5 66.76923 66.56 66.11539 65.55556 55.5 76.6 67.76 37.03846 53.80769 44.40741 71.4 64.34615 50.11538 47.30769 36.5 44.69231 50.66667 55.46154 57.03846 33.8 45.65385 44.53846 55.96154 50.24 59.92308 53.84615 51.5 68.30769 86.04 55.61538 -9999 -9999 -9999 -9999 -9999 -9999 -9999 -9999 -9999 -9999 -9999 -9999 -9999 -9999 -9999 -9999 -9999 -9999 -9999 -9999 -9999 -9999 -9999 -9999 -9999 -9999 -9999 -9999 -9999 -9999 -9999 -9999 -9999 -9999
0 4.48 62.5 78.46154 72.69231 60.26923 64.12 65.80769 63.34615 64.69231 67.64 61.53846 65.40741 59.23077 49.41667 74.19231 21.80769 44.69231 43.59259 47.56 60.76923 78.5 68.08 56.04 48.46154 51.46154 36.22222 41.84615 64.6 61.69231 51.12 52.69231 58.57692 55.53846 50.07692 54.61538 60.92308 51.56 67.04 70.59259 49.73077 -9999 -9999 -9999 -9999 -9999 -9999 -9999 -9999 -9999 -9999 -9999 -9999 -9999 -9999 -9999 -9999 -9999 -9999 -9999 -9999 -9999 -9999 -9999 -9999 -9999 -9999 -9999 -9999 -9999 -9999 -9999 -9999 -9999
0 20.64 75.30769 85.2 84.22222 69.24 69.76923 68.88461 66.65385 66.84615 62.56 64.26923 57.38462 37.80769 71.72 68.15385 68.38461 56.61538 45.04 49.30769 53.23077 80.15385 66.03846 65.36 57.76923 49.59259 50.42308 48.45833 55.15385 60.80769 55.73077 62.59259 56.16 54.88462 61.15385 62.30769 57.41667 55 39.37037 67.84615 68.26923 -9999 -9999 -9999 -9999 -9999 -9999 -9999 -9999 -9999 -9999 -9999 -9999 -9999 -9999 -9999 -9999 -9999 -9999 -9999 -9999 -9999 -9999 -9999 -9999 -9999 -9999 -9999 -9999 -9999 -9999 -9999 -9999 -9999
0 0 57.34615 70.92593 73.84 80.15385 72.15385 62.61538 64.96 60.12 63.88462 67.44444 17.92308 4.32 64.11539 54.07692 64.57692 46.96154 43.64 51.76923 62.19231 92.42308 74.4 53.76923 66.25926 55.46154 48.875 47.07692 47.80769 54.30769 63.33333 57.16 47.69231 47.88462 59.32 58.36 59.69231 58.73077 57.18518 49.69231 63.36 -9999 -9999 -9999 -9999 -9999 -9999 -9999 -9999 -9999 -9999 -9999 -9999 -9999 -9999 -9999 -9999 -9999 -9999 -9999 -9999 -9999 -9999 -9999 -9999 -9999 -9999 -9999 -9999 -9999 -9999 -9999 -9999 -9999
0.8076923 38.5 71.53846 79.40741 80.56 61.92308 54.30769 58.96 65.08 71.76923 65.66666 53.53846 45.44 46.80769 52.96154 30.56 40.77778 53.84 45.73077 49.26923 52.76923 71.2 78.61539 55.03846 48.46154 60.92308 57.16 53.84615 48.11538 52.38462 66.04 58.5 53.84615 53.53846 63.96 62.07692 68.84615 68.03704 56.38462 47.33333 54.07692 79.96154 -9999 -9999 -9999 -9999 -9999 -9999 -9999 -9999 -9999 -9999 -9999 -9999 -9999 -9999 -9999 -9999 -9999 -9999 -9999 -9999 -9999 -9999 -9999 -9999 -9999 -9999 -9999 -9999 -9999 -9999 -9999 -9999
0 14.30769 75.37037 76.54166 80.42308 61 60.61538 68.84 70.38461 59.25926 62.65385 63.68 72.92 56.69231 65.11539 22.33333 51.92 55.03846 51.84615 58.34615 53.2 52.4 62.19231 58 51.30769 52.8 62.26923 63.38462 57.88462 55.76923 54.88 61.92308 58.69231 60.07692 66.28 54.07692 57.7037 58.26923 67.45834 54.38462 64.76923 57.38462 84.07407 -9999 -9999 -9999 -9999 -9999 -9999 -9999 -9999 -9999 -9999 -9999 -9999 -9999 -9999 -9999 -9999 -9999 -9999 -9999 -9999 -9999 -9999 -9999 -9999 -9999 -9999 -9999 -9999 -9999 -9999 -9999
0 0.8518519 37.625 77.30769 79.92308 61.84615 53.48 29.38461 67.48148 65.76923 66.84615 58.875 56.46154 60.57692 56.38462 42.92308 54.65385 57.23077 55.46154 55.68 53.04 49.38462 66.03704 71.73077 54.32 55.96154 63.88462 60.4 60.15385 59.30769 55.76923 69.76923 63.96154 24.88 44 55.03846 58.92308 55.12 59.30769 51.15385 56.69231 57.65385 63.08 -9999 -9999 -9999 -9999 -9999 -9999 -9999 -9999 -9999 -9999 -9999 -9999 -9999 -9999 -9999 -9999 -9999 -9999 -9999 -9999 -9999 -9999 -9999 -9999 -9999 -9999 -9999 -9999 -9999 -9999 -9999
0 0 9.269231 69.42308 61.69231 76.19231 69.6 56.34615 72.46154 64.03846 59.4 48.46154 56.34615 61.96154 60.40741 57.16667 58.76923 59.26923 58.26923 52.36 52.84615 53.25926 60.5 71.12 72.64 61.11538 53.23077 31.77778 62.72 71.76923 59.34615 55.19231 57.36 66.16 59.07692 59.48148 59.61538 54.68 56.19231 54.46154 56.57692 55.11538 59.24 62.53846 -9999 -9999 -9999 -9999 -9999 -9999 -9999 -9999 -9999 -9999 -9999 -9999 -9999 -9999 -9999 -9999 -9999 -9999 -9999 -9999 -9999 -9999 -9999 -9999 -9999 -9999 -9999 -9999 -9999 -9999
0 0 0 32.88462 74.23077 89 85.92308 68.55556 64.07692 66.08 41.84615 55.69231 59.46154 60.37037 65.625 54.65385 60.03846 62.5 57 48.76923 48.77778 48.57692 46.76 58.76 83.73077 60.76923 62.34615 63.57692 57.61538 60.30769 70.76923 57.29167 55.88462 61.30769 72.11111 63.80769 61.4 61.76923 61.19231 34.16 12.46154 46.96154 59.5 62.53846 69.19231 -9999 -9999 -9999 -9999 -9999 -9999 -9999 -9999 -9999 -9999 -9999 -9999 -9999 -9999 -9999 -9999 -9999 -9999 -9999 -9999 -9999 -9999 -9999 -9999 -9999 -9999 -9999 -9999 -9999
0 0 0 12.92308 85.54166 83.30769 83.88889 87.80769 58.07692 65.84 49.73077 58.84615 62.73077 61.72 62.07692 58.42308 62.92308 63.11538 56.28 53.30769 55 51.76923 48.76 55.42308 78.34615 69.96154 63.33333 60.16667 54.69231 59.46154 71.11539 62.44 72.81481 82.22222 62.80769 69.52 65.72 62.92308 61.80769 63.40741 41.68 54.73077 64.92308 66.15385 72 -9999 -9999 -9999 -9999 -9999 -9999 -9999 -9999 -9999 -9999 -9999 -9999 -9999 -9999 -9999 -9999 -9999 -9999 -9999 -9999 -9999 -9999 -9999 -9999 -9999 -9999 -9999 -9999 -9999
-9999 0 0 26.92 63.92308 79.33334 82.07692 93.07692 82.33334 63.76923 63.57692 64.5 58.92308 62.96154 59.30769 41.23077 67.32 82.12 63.15385 53.25926 58.69231 57.2 60.07692 48.80769 56.23077 65.03846 70.32 68.65385 55.07692 59.80769 69.64 71.88889 68.80769 96.03846 83.4 79.96 67.65385 57.23077 60.42308 61.84615 57.07692 65.07692 68.23077 76 61.5 57.18518 -9999 -9999 -9999 -9999 -9999 -9999 -9999 -9999 -9999 -9999 -9999 -9999 -9999 -9999 -9999 -9999 -9999 -9999 -9999 -9999 -9999 -9999 -9999 -9999 -9999 -9999 -9999 -9999
-9999 16.8 48.42308 77.64 57.2963 70.92308 86.07692 87.75 88.53846 58.23077 59.42308 61.44444 62.4 58.07692 52.15385 46.73077 55.79167 52.92308 51.55556 52 57.23077 18.96 5.923077 15.53846 28.11539 28.76 70.23077 62.03846 67.11539 67.03846 60.32 57.23077 68.26923 72.73077 93.96 78.84615 76.03846 57 61.92308 68.08 66.65385 72.80769 59.53846 64 75 65.19231 72.38461 -9999 -9999 -9999 -9999 -9999 -9999 -9999 -9999 -9999 -9999 -9999 -9999 -9999 -9999 -9999 -9999 -9999 -9999 -9999 -9999 -9999 -9999 -9999 -9999 -9999 -9999 -9999
-9999 20.8 72.6 62.03846 16.42308 53.30769 77.72 76.61539 82.84615 62.57692 53.74074 60.24 32.92 44.73077 59.07692 26.32 53.74074 53.37037 49.92308 50.84615 53.58333 27.96154 20.19231 23.03846 35.65385 33 75.46154 64.19231 61.32 63.4 61.92593 59 75.73077 69.04 75.19231 79.38461 84.5 74.03846 70.88 70.80769 54.11538 50.42308 67.12 85.22222 79.61539 76.07692 73 65.52 -9999 -9999 -9999 -9999 -9999 -9999 -9999 -9999 -9999 -9999 -9999 -9999 -9999 -9999 -9999 -9999 -9999 -9999 -9999 -9999 -9999 -9999 -9999 -9999 -9999 -9999
-9999 -9999 10.30435 19.48148 18.80769 42.96154 63.2 43.46154 26.61539 7.37037 14.83333 26.11539 14.26923 42.07692 56.15385 56.68 55.25926 55.69231 46.11538 52.20833 50.26923 18.07692 9.730769 14.40741 60.6 73.23077 80.38461 80.96154 60.125 72.44444 70.57692 70.73077 83.16 79.76923 79.61539 81.69231 79.42308 64.8 42.92308 36.07692 73.57692 57.08 57.38462 70.76923 70.80769 66.38461 64.52 72.03846 84.19231 -9999 -9999 -9999 -9999 -9999 -9999 -9999 -9999 -9999 -9999 -9999 -9999 -9999 -9999 -9999 -9999 -9999 -9999 -9999 -9999 -9999 -9999 -9999 -9999 -9999
-9999 -9999 0 0 0 10.72 57.38462 6.538462 0 0 0 19.38461 41.80769 43.34615 56.32 60.62963 51.28 43.42308 16.2 15.30769 16.03846 8.730769 55.03704 90.24 87.36 60.73077 70.69231 80.6 76.66666 70.57692 61.69231 64.07692 76.33334 71.34615 54.53846 65.03846 65.53846 74.23077 45.88462 56.42308 83.68 65.48 63.40741 60.65385 57.88462 66.4 67.11539 62.76923 79.73077 71.30769 46 22.69231 -9999 -9999 -9999 -9999 -9999 -9999 -9999 -9999 -9999 -9999 -9999 -9999 -9999 -9999 -9999 -9999 -9999 -9999 -9999 -9999 -9999 -9999
-9999 -9999 0 0 0 0 0 0 0 0 0 1.461538 15.42308 37.20833 48.03704 49.15385 51.07692 22.2 12.26923 16.19231 34.30769 65.88889 89.95834 77.92308 80.42308 73.15385 77.28 77.84615 75.51852 48.03846 45 56.41667 72.42308 66.11539 58.5 56.53846 55.11538 58.76923 56.84615 80.26923 90.29166 83.14815 73.92308 62.69231 65.68 69.26923 70.23077 65.96154 58.96 46.07692 70.46154 -9999 -9999 -9999 -9999 -9999 -9999 -9999 -9999 -9999 -9999 -9999 -9999 -9999 -9999 -9999 -9999 -9999 -9999 -9999 -9999 -9999 -9999 -9999
-9999 -9999 0 0 0 0 0 0 0 0 0 0 1.16 5.846154 2.615385 2.076923 2 5 46.5 58.07692 67.96154 30.2 38.03846 65.11539 54.5 79.96154 71.28 67.77778 59.8 61.07692 55.6 53.42308 65.42308 64.80769 66.14815 54.92 54.84 53.34615 35 26.16 79.44444 92.46154 86.07692 64.11539 58.625 73.69231 76.69231 66 62.03846 60.88462 75.07692 -9999 -9999 -9999 -9999 -9999 -9999 -9999 -9999 -9999 -9999 -9999 -9999 -9999 -9999 -9999 -9999 -9999 -9999 -9999 -9999 -9999 -9999 -9999
-9999 -9999 -9999 0 0 0 0 0 0 0 0 0 0 1.259259 2 2.307692 8.16 43.2 74.73077 72.11539 34.19231 52.23077 45.15385 44.11538 69.30769 67.08334 85.22222 82.5 62.73077 55.8 59.38462 59.53846 69.34615 61.74074 64.83334 62.76923 55.88462 47.5 50.52 23.84615 69.03704 71.92308 74.84 61.08 66.34615 69.34615 75.96154 65.65385 65.80769 71.92308 71.07692 85.44 -9999 -9999 -9999 -9999 -9999 -9999 -9999 -9999 -9999 -9999 -9999 -9999 -9999 -9999 -9999 -9999 -9999 -9999 -9999 -9999 -9999 -9999
-9999 -9999 -9999 0 0 0 0 0 0 0 0 0 0 0 5.384615 31.56 80.36 79.07692 72.73077 74.55556 71.88 46.46154 43.92308 57.96154 42.72 54.76923 70.15385 88.46154 35.76923 58.56 59.88462 60.69231 40 53.12 53.57692 62.80769 60.61538 56.42308 58.6 69.37037 70.8 77.73077 73.52 53.34615 71.26923 77.73077 60.88889 60.08 60.96 60.69231 60.61538 82.52 78.51852 -9999 -9999 -9999 -9999 -9999 -9999 -9999 -9999 -9999 -9999 -9999 -9999 -9999 -9999 -9999 -9999 -9999 -9999 -9999 -9999 -9999
-9999 -9999 -9999 -9999 0 0 0 0 0 0 0 0 0 0 20.84 78.96154 86.73077 72.30769 71.55556 89.16 83.19231 63.8 74.07692 48.84 49.38462 51.81482 35.53846 47.57692 78.76 64.04 56.84615 71.46154 18.65385 39.11538 62.34615 68.07692 58.65385 58.66667 68.74074 76.46154 77.57692 85.2 70.92308 30.76923 79.03846 70.23077 55.28 54.38462 57.11538 59.65385 59.44 75.07692 71.59259 43.07692 -9999 -9999 -9999 -9999 -9999 -9999 -9999 -9999 -9999 -9999 -9999 -9999 -9999 -9999 -9999 -9999 -9999 -9999 -9999 -9999
-9999 -9999 -9999 -9999 0 0 0 0 0 0 0 13.15385 61.34615 63.11538 81.88 88.76923 82.03846 79.62963 78.28 81 84.11539 81.46154 61.15385 61.04 19.11111 46.80769 57.69231 37.375 66.69231 67.15385 58 57 47.48 41.42308 59.5 55.80769 66.04166 59.59259 48.46154 84.57692 76.19231 79.88 71.84615 80.61539 75.92308 73.4 54.80769 57.92308 60.76923 59 63.28 69.88889 71.96 83.11539 60.48 -9999 -9999 -9999 -9999 -9999 -9999 -9999 -9999 -9999 -9999 -9999 -9999 -9999 -9999 -9999 -9999 -9999 -9999 -9999
-9999 -9999 -9999 -9999 0 0 0 0 0 0 0 17.73077 81.38461 76.48 74.88461 87.38461 48.30769 79.52 95.69231 95.73077 98.11539 92 82.16 79.07407 69.42308 68.08 42.64 52.15385 67.80769 29.38461 55.74074 53.44 60.26923 66.56 68.5 68.08 61.57692 60.66667 33.76923 70.57692 70.28 72.6 82.26923 72.69231 69.38461 77.46154 59.46154 65.69231 52.46154 36.08333 46.51852 60.84615 62.46154 90.76 76.65385 57.03846 -9999 -9999 -9999 -9999 -9999 -9999 -9999 -9999 -9999 -9999 -9999 -9999 -9999 -9999 -9999 -9999 -9999 -9999
