output/D8_TARGET_COL_Grid.asc
NCOLS        229
NROWS        293
XLLCORNER    -699542.608
YLLCORNER    8979718.027
CELLSIZE        500.000
NODATA_VALUE          -9999
[rows 195 to 233 of 293, columns 88 to 175 of 229]
-999 -999 -999 -999 -999 -999 -999 -999 -999 97 99 99 101 102 104 105 105 106 108 109 109 111 110 111 113 115 115 116 117 117 118 119 122 123 -999 125 125 127 127 128 128 129 130 131 133 134 134 135 136 137 140 139 140 141 143 143 144 145 146 147 150 150 150 152 152 153 154 155 156 157 159 159 160 -999 -999 -999 -999 -999 -999 -999 -999 -999 -999 -999 -999 -999 -999 -999
-999 -999 -999 -999 -999 -999 -999 -999 -999 -999 99 99 100 101 104 105 105 106 108 109 109 111 112 113 114 113 116 116 117 117 118 120 120 122 -999 125 124 126 127 128 128 131 131 131 132 134 134 135 136 137 138 139 140 141 142 144 145 146 146 147 148 149 151 151 154 154 155 155 156 157 158 159 160 161 162 -999 -999 -999 -999 -999 -999 -999 -999 -999 -999 -999 -999 -999
-999 -999 -999 -999 -999 -999 -999 -999 -999 -999 98 99 101 101 102 104 -999 107 108 109 108 111 112 113 112 115 114 115 116 118 118 119 120 121 124 123 125 125 126 127 130 129 131 133 132 134 134 137 136 137 138 139 140 141 143 143 146 145 146 147 148 150 150 151 152 153 154 155 156 157 158 159 160 161 162 163 164 -999 -999 -999 -999 -999 -999 -999 -999 -999 -999 -999
-999 -999 -999 -999 -999 -999 -999 -999 -999 -999 -999 99 101 102 104 103 105 105 108 109 109 111 112 113 113 115 115 116 116 117 118 119 122 121 124 -999 124 125 127 128 130 130 130 133 132 133 134 136 136 137 138 139 140 141 142 143 144 147 146 147 148 150 151 151 152 154 155 155 156 157 158 159 160 161 162 163 166 -999 -999 -999 -999 -999 -999 -999 -999 -999 -999 -999
-999 -999 -999 -999 -999 -999 -999 -999 -999 -999 -999 -999 101 103 102 103 104 105 108 109 109 111 112 113 114 115 114 115 116 117 120 119 121 123 124 125 124 127 126 128 130 130 132 133 132 133 136 137 136 137 138 141 140 141 142 143 144 145 146 147 148 149 152 151 152 153 155 156 157 157 160 160 161 162 163 163 166 -999 -999 -999 -999 -999 -999 -999 -999 -999 -999 -999
-999 -999 -999 -999 -999 -999 -999 -999 -999 -999 -999 -999 -999 102 103 105 106 107 106 109 109 110 112 111 113 115 116 116 116 119 119 119 121 121 124 123 125 125 128 127 129 129 130 132 132 133 135 135 137 138 138 139 140 141 142 143 144 145 146 147 148 149 150 152 152 153 154 155 156 157 160 159 162 162 162 163 164 -999 -999 -999 -999 -999 -999 -999 -999 -999 -999 -999
-999 -999 -999 -999 -999 -999 -999 -999 -999 -999 -999 -999 100 102 103 104 106 107 107 108 109 110 111 111 113 114 116 115 116 117 118 121 120 121 123 124 125 126 126 128 130 129 130 132 132 133 135 136 136 137 140 139 140 141 142 143 146 145 146 147 148 149 150 152 152 153 155 156 157 159 159 159 161 161 162 163 164 -999 -999 -999 -999 -999 -999 -999 -999 -999 -999 -999
-999 -999 -999 -999 -999 -999 -999 -999 -999 -999 -999 99 102 101 102 103 105 105 107 107 110 111 112 113 112 115 116 117 118 117 119 121 121 122 122 124 124 125 126 127 128 129 131 132 132 133 136 136 138 137 140 139 141 141 144 144 144 145 147 147 148 150 150 151 154 153 155 155 157 157 159 159 161 161 162 163 164 -999 -999 -999 -999 -999 -999 -999 -999 -999 -999 -999
-999 -999 -999 -999 -999 -999 -999 -999 -999 -999 -999 100 100 103 103 105 104 105 108 107 109 110 111 111 114 113 116 116 116 118 118 119 122 123 122 124 126 125 126 127 128 129 131 131 132 133 134 135 136 139 139 141 140 142 144 143 144 145 146 147 149 151 151 153 152 153 155 156 156 157 159 159 160 161 162 163 164 -999 -999 -999 -999 -999 -999 -999 -999 -999 -999 -999
-999 -999 -999 -999 -999 -999 -999 -999 -999 -999 -999 -999 102 101 103 105 106 106 106 108 109 110 110 113 112 115 115 115 118 119 119 121 122 121 124 125 124 125 128 127 128 130 131 131 132 134 134 135 136 139 138 139 142 141 143 143 144 145 146 147 148 149 150 153 153 154 156 155 156 157 158 160 160 161 162 163 165 -999 -999 -999 -999 -999 -999 -999 -999 -999 -999 -999
-999 -999 -999 -999 -999 -999 -999 -999 -999 -999 -999 -999 -999 103 104 103 105 107 107 107 110 109 111 113 114 115 115 115 118 119 120 119 121 123 122 123 124 125 126 127 128 131 132 132 132 133 134 135 136 138 138 139 140 141 142 143 144 145 146 147 148 149 150 152 153 154 156 157 156 158 158 159 160 161 163 164 165 -999 -999 -999 -999 -999 -999 -999 -999 -999 -999 -999
-999 -999 -999 -999 -999 -999 -999 -999 -999 -999 -999 -999 -999 -999 103 103 105 105 107 109 108 111 112 113 112 113 115 115 117 119 118 120 121 122 124 125 124 125 127 127 129 130 132 132 132 133 134 135 136 137 138 139 140 142 142 143 144 145 146 147 148 149 151 151 152 153 156 157 157 157 159 159 160 161 164 165 164 -999 -999 -999 -999 -999 -999 -999 -999 -999 -999 -999
-999 -999 -999 -999 -999 -999 -999 -999 -999 -999 -999 -999 -999 -999 -999 103 104 107 108 109 109 111 112 112 113 113 114 117 117 119 119 120 120 122 124 124 125 126 126 129 128 129 130 133 132 133 134 136 136 138 138 139 140 141 143 143 144 145 146 147 148 149 150 151 153 153 156 157 158 157 158 159 160 161 164 164 -999 -999 -999 -999 -999 -999 -999 -999 -999 -999 -999 -999
-999 -999 -999 -999 -999 -999 -999 -999 -999 -999 -999 -999 -999 -999 -999 -999 104 105 108 107 109 111 111 112 113 114 114 116 116 119 120 119 120 123 123 124 125 126 126 127 129 129 131 133 134 134 135 135 138 137 138 139 140 142 144 143 144 145 147 147 148 149 150 151 153 153 156 155 156 157 158 159 161 163 164 165 -999 -999 -999 -999 -999 -999 -999 -999 -999 -999 -999 -999
-999 -999 -999 -999 -999 -999 -999 -999 -999 -999 -999 -999 -999 -999 -999 -999 -999 106 106 107 109 110 112 112 113 113 114 117 117 118 118 120 121 122 123 125 126 127 127 127 128 131 130 133 132 133 134 136 136 137 138 139 140 142 142 143 144 145 146 147 148 149 150 151 153 155 156 157 156 157 159 160 161 163 162 165 164 -999 -999 -999 -999 -999 -999 -999 -999 -999 -999 -999
-999 -999 -999 -999 -999 -999 -999 -999 -999 -999 -999 -999 -999 -999 -999 -999 -999 -999 107 107 110 109 110 113 113 115 116 115 118 118 118 119 122 123 123 125 126 127 126 129 129 130 130 131 134 133 134 135 136 137 138 139 141 141 142 143 144 145 146 147 149 150 151 152 153 154 155 157 158 159 158 160 161 162 163 165 164 167 -999 -999 -999 -999 -999 -999 -999 -999 -999 -999
-999 -999 -999 -999 -999 -999 -999 -999 -999 -999 -999 -999 -999 -999 -999 -999 -999 -999 -999 107 108 109 110 112 114 113 115 117 116 117 119 120 122 123 122 124 124 126 126 127 128 130 -999 132 133 134 134 135 136 137 138 140 140 141 142 143 146 145 148 149 149 150 151 152 152 153 154 155 156 159 160 160 161 162 163 165 164 166 -999 -999 -999 -999 -999 -999 -999 -999 -999 -999
-999 -999 -999 -999 -999 -999 -999 -999 -999 -999 -999 -999 -999 -999 -999 -999 -999 -999 -999 -999 108 109 110 111 113 114 115 116 116 118 119 120 122 123 122 123 124 127 127 -999 128 129 130 132 133 134 134 135 136 137 138 139 140 141 142 143 146 145 148 148 149 150 151 151 152 153 154 155 156 157 158 160 162 162 164 163 165 166 167 -999 -999 -999 -999 -999 -999 -999 -999 -999
-999 -999 -999 -999 -999 -999 -999 -999 -999 -999 -999 -999 -999 -999 -999 -999 -999 -999 -999 -999 -999 -999 111 111 112 115 116 117 116 118 119 119 122 123 123 -999 -999 -999 -999 127 128 129 130 131 133 133 134 135 136 137 138 139 140 141 142 143 145 146 148 149 149 149 150 151 152 154 154 155 157 157 159 159 161 161 164 163 166 167 167 -999 -999 -999 -999 -999 -999 -999 -999 -999
-999 -999 -999 -999 -999 -999 -999 -999 -999 -999 -999 -999 -999 -999 -999 -999 -999 -999 -999 -999 -999 -999 -999 112 112 114 116 117 116 117 118 121 122 123 -999 -999 -999 -999 -999 127 129 130 131 132 133 133 135 135 136 137 138 139 140 141 143 144 146 147 147 149 149 149 150 151 152 153 154 156 158 158 158 159 161 162 162 163 164 167 168 169 -999 -999 -999 -999 -999 -999 -999 -999
-999 -999 -999 -999 -999 -999 -999 -999 -999 -999 -999 -999 -999 -999 -999 -999 -999 -999 -999 -999 -999 -999 -999 -999 114 113 115 117 118 117 118 121 122 123 -999 -999 -999 -999 -999 129 130 129 132 132 132 133 134 137 136 138 138 139 140 142 143 144 145 147 147 148 148 149 150 152 152 154 154 155 157 157 160 160 161 161 163 163 165 167 168 169 170 -999 -999 -999 -999 -999 -999 -999
-999 -999 -999 -999 -999 -999 -999 -999 -999 -999 -999 -999 -999 -999 -999 -999 -999 -999 -999 -999 -999 -999 -999 -999 -999 115 114 115 117 119 120 -999 -999 121 -999 -999 -999 -999 -999 129 128 129 131 131 134 133 134 135 136 137 138 139 140 141 143 145 145 146 147 147 148 149 151 152 152 153 154 157 157 157 158 160 160 162 163 163 164 166 166 169 170 169 -999 -999 -999 -999 -999 -999
-999 -999 -999 -999 -999 -999 -999 -999 -999 -999 -999 -999 -999 -999 -999 -999 -999 -999 -999 -999 -999 -999 -999 -999 -999 -999 114 115 117 118 119 -999 -999 121 -999 -999 -999 -999 -999 127 129 129 130 133 134 133 134 135 137 137 139 139 140 141 144 145 145 147 147 147 148 150 150 151 152 153 154 156 157 157 159 160 160 162 162 163 165 167 167 169 170 170 171 171 -999 -999 -999 -999
-999 -999 -999 -999 -999 -999 -999 -999 -999 -999 -999 -999 -999 -999 -999 -999 -999 -999 -999 -999 -999 -999 -999 -999 -999 -999 -999 115 116 117 118 121 122 -999 -999 -999 -999 -999 -999 -999 130 129 130 132 133 134 134 135 136 138 140 140 140 141 144 145 146 147 146 148 148 149 150 152 152 153 155 157 157 157 158 159 160 161 162 163 164 167 168 167 168 171 171 171 173 -999 -999 -999
-999 -999 -999 -999 -999 -999 -999 -999 -999 -999 -999 -999 -999 -999 -999 -999 -999 -999 -999 -999 -999 -999 -999 -999 -999 -999 -999 -999 117 118 118 121 122 -999 -999 -999 -999 -999 -999 -999 -999 -999 131 132 -999 -999 134 136 137 137 140 140 140 141 143 145 146 147 147 147 148 150 150 151 152 153 154 156 157 157 158 159 160 161 162 163 166 167 168 168 169 170 172 173 173 173 -999 -999
-999 -999 -999 -999 -999 -999 -999 -999 -999 -999 -999 -999 -999 -999 -999 -999 -999 -999 -999 -999 -999 -999 -999 -999 -999 -999 -999 -999 -999 119 118 121 122 122 -999 -999 -999 -999 -999 -999 -999 -999 -999 -999 -999 -999 135 136 136 138 139 140 141 141 142 145 146 147 147 147 148 150 150 152 152 153 155 156 156 157 158 159 160 161 162 163 166 167 167 168 170 171 171 171 174 173 -999 -999
-999 -999 -999 -999 -999 -999 -999 -999 -999 -999 -999 -999 -999 -999 -999 -999 -999 -999 -999 -999 -999 -999 -999 -999 -999 -999 -999 -999 -999 -999 119 120 121 -999 -999 -999 -999 -999 -999 -999 -999 -999 -999 -999 -999 133 136 135 136 138 139 140 142 142 143 144 146 147 148 149 149 149 151 151 152 153 154 156 158 157 158 159 160 161 162 164 166 166 166 169 169 170 170 173 173 173 174 -999
-999 -999 -999 -999 -999 -999 -999 -999 -999 -999 -999 -999 -999 -999 -999 -999 -999 -999 -999 -999 -999 -999 -999 -999 -999 -999 -999 -999 -999 -999 -999 -999 -999 -999 -999 -999 -999 -999 -999 -999 -999 -999 -999 -999 -999 133 136 136 136 139 139 140 141 142 142 143 146 147 147 147 148 150 151 152 152 154 154 155 156 159 158 159 160 163 163 163 166 167 167 168 170 169 170 173 174 173 175 175
-999 -999 -999 -999 -999 -999 -999 -999 -999 -999 -999 -999 -999 -999 -999 -999 -999 -999 -999 -999 -999 -999 -999 -999 -999 -999 -999 -999 -999 -999 -999 -999 -999 -999 -999 -999 -999 -999 -999 -999 -999 -999 -999 131 -999 -999 134 136 136 137 140 140 141 142 142 143 145 147 148 148 150 149 150 151 154 153 154 155 156 157 158 161 160 162 162 165 166 167 167 168 169 170 170 172 174 174 174 176
-999 -999 -999 -999 -999 -999 -999 -999 -999 -999 -999 -999 -999 -999 -999 -999 -999 -999 -999 -999 -999 -999 -999 -999 -999 -999 -999 -999 -999 -999 -999 -999 -999 -999 -999 -999 -999 -999 -999 -999 -999 -999 -999 131 -999 134 134 136 137 138 139 139 140 141 142 145 144 147 148 147 148 149 150 151 154 153 154 155 156 157 159 161 161 162 162 163 165 167 167 168 170 169 171 172 173 174 174 175
-999 -999 -999 -999 -999 -999 -999 -999 -999 -999 -999 -999 -999 -999 -999 -999 -999 -999 -999 -999 -999 -999 -999 -999 -999 -999 -999 -999 -999 -999 -999 -999 -999 -999 -999 -999 -999 -999 -999 -999 -999 -999 -999 -999 -999 -999 -999 135 138 139 140 140 142 142 144 143 144 145 147 147 149 151 150 152 153 153 154 155 156 157 160 160 161 162 162 163 165 167 168 169 168 169 170 173 173 173 174 175
-999 -999 -999 -999 -999 -999 -999 -999 -999 -999 -999 -999 -999 -999 -999 -999 -999 -999 -999 -999 -999 -999 -999 -999 -999 -999 -999 -999 -999 -999 -999 -999 -999 -999 -999 -999 -999 -999 -999 -999 -999 -999 -999 -999 -999 133 -999 135 137 138 140 141 141 141 144 144 145 145 -999 147 148 151 150 151 154 153 154 155 156 158 159 161 161 162 162 165 165 166 167 168 168 169 172 171 174 174 174 176
-999 -999 -999 -999 -999 -999 -999 -999 -999 -999 -999 -999 -999 -999 -999 -999 -999 -999 -999 -999 -999 -999 -999 -999 -999 -999 -999 -999 -999 -999 -999 -999 -999 -999 -999 -999 -999 -999 -999 -999 -999 -999 -999 -999 -999 -999 136 -999 136 137 139 139 142 141 143 144 145 147 148 147 149 151 151 151 153 153 154 155 156 158 159 161 162 161 162 165 165 166 166 167 169 169 170 171 172 174 174 175
-999 -999 -999 -999 -999 -999 -999 -999 -999 -999 -999 -999 -999 -999 -999 -999 -999 -999 -999 -999 -999 -999 -999 -999 -999 -999 -999 -999 -999 -999 -999 -999 -999 -999 -999 -999 -999 -999 -999 -999 -999 -999 -999 -999 -999 -999 -999 -999 138 137 139 139 141 142 143 144 145 146 148 147 148 149 150 151 153 154 155 155 157 157 158 161 162 161 162 165 166 166 166 167 168 170 170 171 174 173 175 175
-999 -999 -999 -999 -999 -999 -999 -999 -999 -999 -999 -999 -999 -999 -999 -999 -999 -999 -999 -999 -999 -999 -999 -999 -999 -999 -999 -999 -999 -999 -999 -999 -999 -999 -999 -999 -999 -999 -999 -999 -999 -999 -999 -999 -999 -999 -999 -999 -999 -999 138 139 140 142 143 145 144 145 146 149 150 149 150 151 153 153 154 156 157 158 158 160 162 161 162 163 166 166 166 168 168 170 171 172 173 174 174 176
-999 -999 -999 -999 -999 -999 -999 -999 -999 -999 -999 -999 -999 -999 -999 -999 -999 -999 -999 -999 -999 -999 -999 -999 -999 -999 -999 -999 -999 -999 -999 -999 -999 -999 -999 -999 -999 -999 -999 -999 -999 -999 -999 -999 -999 -999 -999 -999 -999 -999 138 139 142 141 142 145 144 145 146 149 150 150 150 151 153 154 155 156 157 157 158 159 162 161 162 163 164 167 166 168 168 169 170 173 172 174 175 176
-999 -999 -999 -999 -999 -999 -999 -999 -999 -999 -999 -999 -999 -999 -999 -999 -999 -999 -999 -999 -999 -999 -999 -999 -999 -999 -999 -999 -999 -999 -999 -999 -999 -999 -999 -999 -999 -999 -999 -999 -999 -999 -999 -999 -999 -999 -999 -999 -999 -999 -999 139 142 141 144 144 146 145 146 147 150 151 152 151 152 153 155 156 156 157 158 159 162 161 162 163 164 165 167 167 168 169 172 172 174 174 174 175
-999 -999 -999 -999 -999 -999 -999 -999 -999 -999 -999 -999 -999 -999 -999 -999 -999 -999 -999 -999 -999 -999 -999 -999 -999 -999 -999 -999 -999 -999 -999 -999 -999 -999 -999 -999 -999 -999 -999 -999 -999 -999 -999 -999 -999 -999 -999 -999 -999 -999 -999 139 140 142 144 144 146 146 146 149 150 150 150 152 154 153 155 156 157 158 160 159 161 161 162 163 164 165 166 167 168 169 170 172 173 174 175 175
-999 -999 -999 -999 -999 -999 -999 -999 -999 -999 -999 -999 -999 -999 -999 -999 -999 -999 -999 -999 -999 -999 -999 -999 -999 -999 -999 -999 -999 -999 -999 -999 -999 -999 -999 -999 -999 -999 -999 -999 -999 -999 -999 -999 -999 -999 -999 -999 -999 -999 -999 -999 140 143 143 145 144 145 148 147 148 151 151 152 154 154 154 156 157 157 159 159 160 161 163 164 164 165 166 167 168 169 171 173 173 174 175 177
