output/D8_TARGET_COL_Grid.asc
NCOLS        229
NROWS        293
XLLCORNER    -699542.608
YLLCORNER    8979718.027
CELLSIZE        500.000
NODATA_VALUE          -9999
[rows 156 to 194 of 293, columns 88 to 175 of 229]
-999 -999 -999 -999 -999 93 96 95 98 99 100 99 102 101 103 103 104 105 106 107 110 111 110 111 112 113 115 116 116 119 118 121 122 123 123 123 124 125 126 128 128 129 131 132 132 133 134 136 137 -999 -999 -999 -999 -999 -999 -999 -999 -999 -999 -999 -999 -999 -999 -999 -999 -999 -999 -999 -999 -999 -999 -999 -999 -999 -999 -999 -999 -999 -999 -999 -999 -999 -999 -999 -999 -999 -999 -999
89 90 -999 -999 -999 -999 94 96 97 99 -999 -999 100 101 104 103 104 105 106 107 108 110 112 111 112 115 115 115 116 117 118 121 121 121 122 123 124 125 127 128 128 130 131 131 132 133 134 135 138 -999 -999 -999 -999 -999 -999 -999 -999 -999 -999 -999 -999 -999 -999 -999 -999 -999 -999 -999 -999 -999 -999 -999 -999 -999 -999 -999 -999 -999 -999 -999 -999 -999 -999 -999 -999 -999 -999 -999
89 91 -999 -999 -999 -999 -999 -999 -999 -999 -999 -999 -999 -999 102 103 105 106 106 108 109 111 112 113 112 113 114 117 116 117 119 121 120 121 122 124 124 126 126 128 128 130 131 131 132 133 134 137 138 137 -999 -999 -999 -999 -999 -999 -999 -999 -999 -999 -999 -999 -999 -999 -999 -999 -999 -999 -999 -999 -999 -999 -999 -999 -999 -999 -999 -999 -999 -999 -999 -999 -999 -999 -999 -999 -999 -999
90 91 -999 -999 -999 -999 -999 -999 -999 -999 -999 -999 -999 -999 -999 -999 105 105 108 108 108 109 110 111 113 113 114 115 117 118 120 119 120 123 123 123 124 126 127 127 128 129 131 131 134 135 135 136 137 137 138 -999 -999 -999 -999 -999 -999 -999 -999 -999 -999 -999 -999 -999 -999 -999 -999 -999 -999 -999 -999 -999 -999 -999 -999 -999 -999 -999 -999 -999 -999 -999 -999 -999 -999 -999 -999 -999
88 91 91 91 93 -999 -999 -999 -999 -999 -999 -999 -999 -999 -999 -999 -999 105 107 107 108 109 110 111 112 113 116 115 117 118 119 119 122 122 122 123 125 127 128 128 129 129 130 132 132 135 136 137 138 137 138 139 -999 -999 -999 -999 -999 -999 -999 -999 -999 -999 -999 -999 -999 -999 -999 -999 -999 -999 -999 -999 -999 -999 -999 -999 -999 -999 -999 -999 -999 -999 -999 -999 -999 -999 -999 -999
89 90 91 92 92 94 -999 95 97 -999 -999 -999 -999 -999 -999 -999 104 105 106 107 108 109 110 111 112 113 116 115 118 118 118 120 122 121 122 123 125 127 128 128 128 129 130 131 134 133 135 137 136 139 139 140 -999 -999 -999 -999 -999 -999 -999 -999 -999 -999 -999 -999 -999 -999 -999 -999 -999 -999 -999 -999 -999 -999 -999 -999 -999 -999 -999 -999 -999 -999 -999 -999 -999 -999 -999 -999
90 90 90 92 94 95 -999 95 98 -999 -999 -999 -999 -999 -999 -999 106 105 106 107 108 109 110 111 112 113 114 115 118 119 119 120 120 121 123 124 125 127 128 127 129 131 130 131 134 133 134 137 138 137 140 140 140 -999 -999 -999 -999 -999 -999 -999 -999 -999 -999 -999 -999 -999 -999 -999 -999 -999 -999 -999 -999 -999 -999 -999 -999 -999 -999 -999 -999 -999 -999 -999 -999 -999 -999 -999
89 90 91 92 93 94 96 95 -999 -999 -999 -999 -999 -999 -999 -999 -999 105 106 107 108 109 110 111 112 115 115 116 117 118 119 119 120 121 123 123 125 127 126 127 128 130 130 133 133 135 134 137 138 137 140 140 140 -999 -999 -999 -999 -999 -999 -999 -999 -999 -999 -999 -999 -999 -999 -999 -999 -999 -999 -999 -999 -999 -999 -999 -999 -999 -999 -999 -999 -999 -999 -999 -999 -999 -999 -999
89 90 91 93 93 95 95 96 98 97 98 101 -999 -999 -999 -999 -999 105 106 108 109 109 110 111 112 113 115 116 118 118 118 120 120 121 122 123 126 125 127 128 128 130 130 133 132 135 135 136 138 137 140 139 140 141 -999 -999 -999 -999 -999 -999 -999 -999 -999 -999 -999 -999 -999 -999 -999 -999 -999 -999 -999 -999 -999 -999 -999 -999 -999 -999 -999 -999 -999 -999 -999 -999 -999 -999
89 90 91 92 93 94 95 96 97 98 98 101 102 -999 -999 -999 -999 106 107 107 108 109 112 111 112 113 116 116 117 117 118 120 122 121 122 125 125 125 128 127 130 129 131 133 132 134 134 137 138 137 140 139 140 143 -999 -999 -999 -999 -999 -999 -999 -999 -999 -999 -999 -999 -999 -999 -999 -999 -999 -999 -999 -999 -999 -999 -999 -999 -999 -999 -999 -999 -999 -999 -999 -999 -999 -999
89 90 91 92 93 94 95 96 97 98 99 100 102 103 102 -999 105 -999 106 107 108 109 110 112 113 114 115 116 117 117 119 119 120 121 123 124 124 125 127 129 128 129 132 133 134 135 135 137 137 137 140 139 140 142 -999 -999 -999 -999 -999 -999 -999 -999 -999 -999 -999 -999 -999 -999 -999 -999 -999 -999 -999 -999 -999 -999 -999 -999 -999 -999 -999 -999 -999 -999 -999 -999 -999 -999
88 89 91 92 94 93 95 96 97 98 99 100 101 102 103 104 105 106 -999 107 108 110 110 111 113 113 114 116 117 117 119 119 120 122 123 123 124 126 127 129 128 130 131 131 133 134 135 136 137 138 139 139 141 141 142 -999 -999 -999 -999 -999 -999 -999 -999 -999 -999 -999 -999 -999 -999 -999 -999 -999 -999 -999 -999 -999 -999 -999 -999 -999 -999 -999 -999 -999 -999 -999 -999 -999
89 89 91 93 94 93 95 97 97 98 99 101 101 102 103 105 106 107 108 -999 108 109 110 111 112 114 115 116 116 118 119 119 121 121 122 123 124 125 126 128 128 130 131 132 133 134 136 136 136 137 138 139 140 143 143 -999 -999 -999 -999 -999 -999 -999 -999 -999 -999 -999 -999 -999 -999 -999 -999 -999 -999 -999 -999 -999 -999 -999 -999 -999 -999 -999 -999 -999 -999 -999 -999 -999
89 89 90 91 92 93 94 96 97 99 100 100 102 103 104 105 105 107 108 109 110 -999 110 112 112 113 115 116 116 118 120 120 121 122 122 123 124 125 126 127 129 130 130 133 133 134 134 136 136 137 139 139 140 142 144 143 -999 -999 -999 -999 -999 -999 -999 -999 -999 -999 -999 -999 -999 -999 -999 -999 -999 -999 -999 -999 -999 -999 -999 -999 -999 -999 -999 -999 -999 -999 -999 -999
89 89 90 91 92 93 94 96 97 98 99 100 102 103 104 105 106 106 108 109 110 110 111 112 112 113 115 115 117 117 118 120 120 122 122 123 124 125 126 128 130 130 131 131 133 133 134 135 137 137 138 140 141 141 144 143 -999 -999 -999 -999 -999 -999 -999 -999 -999 -999 -999 -999 -999 -999 -999 -999 -999 -999 -999 -999 -999 -999 -999 -999 -999 -999 -999 -999 -999 -999 -999 -999
89 90 90 92 93 93 95 95 97 98 99 101 100 103 104 104 106 106 108 109 110 111 112 113 -999 114 114 116 117 118 119 121 120 121 123 123 124 125 126 128 129 130 130 132 132 133 134 135 136 137 139 141 142 142 143 143 144 -999 -999 -999 -999 -999 -999 -999 -999 -999 -999 -999 -999 -999 -999 -999 -999 -999 -999 -999 -999 -999 -999 -999 -999 -999 -999 -999 -999 -999 -999 -999
89 89 92 92 93 93 96 96 96 97 98 100 100 101 104 105 106 106 108 109 110 111 112 113 114 -999 114 116 117 118 120 119 120 122 122 123 125 126 127 128 129 130 130 131 132 133 134 135 136 138 140 141 141 142 142 143 144 145 -999 -999 -999 -999 -999 -999 -999 -999 -999 -999 -999 -999 -999 -999 -999 -999 -999 -999 -999 -999 -999 -999 -999 -999 -999 -999 -999 -999 -999 -999
89 91 91 93 94 94 96 96 96 97 98 100 100 103 102 104 106 107 108 108 109 111 112 113 114 115 -999 115 117 118 118 120 121 123 122 124 124 125 127 128 128 130 130 132 133 133 134 135 136 138 139 141 140 142 143 143 144 145 147 -999 -999 -999 -999 -999 -999 -999 -999 -999 -999 -999 -999 -999 -999 -999 -999 -999 -999 -999 -999 -999 -999 -999 -999 -999 -999 -999 -999 -999
88 90 91 93 93 94 95 97 96 97 99 99 100 102 103 103 105 106 108 109 110 111 112 113 112 115 116 116 116 117 118 121 120 121 123 124 125 125 126 128 128 129 130 131 133 133 134 135 137 138 139 140 141 141 142 143 144 145 146 -999 -999 -999 -999 -999 -999 -999 -999 -999 -999 -999 -999 -999 -999 -999 -999 -999 -999 -999 -999 -999 -999 -999 -999 -999 -999 -999 -999 -999
89 89 92 91 92 94 96 96 98 97 100 99 100 101 103 103 104 106 108 109 110 111 112 113 113 115 116 -999 117 119 119 120 122 121 123 123 126 126 126 127 128 129 131 132 132 133 134 135 136 138 139 141 141 141 142 144 144 145 146 147 -999 -999 -999 -999 -999 -999 -999 -999 -999 -999 -999 -999 -999 -999 -999 -999 -999 -999 -999 -999 -999 -999 -999 -999 -999 -999 -999 -999
-999 89 92 92 92 95 96 95 98 98 100 99 100 102 103 104 105 105 107 109 110 111 112 113 113 115 116 -999 116 119 119 119 121 121 122 124 125 125 127 128 128 129 130 132 133 134 134 135 137 138 139 140 140 141 144 143 144 145 146 147 148 -999 -999 -999 -999 -999 -999 -999 -999 -999 -999 -999 -999 -999 -999 -999 -999 -999 -999 -999 -999 -999 -999 -999 -999 -999 -999 -999
-999 -999 -999 91 92 94 96 97 97 97 100 101 100 101 102 103 105 106 107 108 110 111 112 113 114 115 116 -999 118 119 120 121 121 121 122 125 125 125 126 127 129 130 131 132 132 133 135 136 136 138 139 139 140 141 143 143 144 145 146 147 148 149 -999 -999 -999 -999 -999 -999 -999 -999 -999 -999 -999 -999 -999 -999 -999 -999 -999 -999 -999 -999 -999 -999 -999 -999 -999 -999
-999 -999 -999 -999 -999 -999 94 97 96 97 100 101 102 101 102 103 105 106 107 109 108 111 112 113 114 115 116 -999 117 -999 -999 119 121 123 123 124 125 125 127 128 129 129 130 132 133 133 134 136 137 138 138 139 140 141 142 143 144 145 146 147 149 149 150 -999 -999 -999 -999 -999 -999 -999 -999 -999 -999 -999 -999 -999 -999 -999 -999 -999 -999 -999 -999 -999 -999 -999 -999 -999
-999 -999 -999 -999 -999 -999 -999 -999 97 99 100 101 102 101 102 103 105 106 108 107 109 110 112 113 114 115 116 -999 -999 -999 -999 -999 120 122 122 124 124 125 127 128 129 130 130 131 132 133 134 137 136 138 138 139 140 141 142 143 144 145 146 147 148 149 150 -999 -999 -999 -999 -999 -999 -999 -999 -999 -999 -999 -999 -999 -999 -999 -999 -999 -999 -999 -999 -999 -999 -999 -999 -999
-999 -999 -999 -999 -999 -999 -999 -999 -999 -999 99 99 102 102 102 104 104 105 108 108 109 110 111 113 114 114 116 -999 -999 -999 -999 -999 122 123 124 124 125 127 128 128 130 129 130 132 132 133 135 135 136 137 139 139 140 141 142 143 144 145 146 147 148 149 150 151 -999 -999 -999 -999 -999 -999 -999 -999 -999 -999 -999 -999 -999 -999 -999 -999 -999 -999 -999 -999 -999 -999 -999 -999
-999 -999 -999 -999 -999 -999 -999 -999 -999 -999 -999 -999 101 103 102 104 105 106 108 107 109 111 111 113 113 113 -999 -999 -999 -999 -999 -999 -999 121 122 125 125 127 128 128 130 129 131 133 132 133 134 135 136 138 138 139 140 141 142 143 144 145 146 147 148 149 150 151 -999 -999 -999 -999 -999 -999 -999 -999 -999 -999 -999 -999 -999 -999 -999 -999 -999 -999 -999 -999 -999 -999 -999 -999
-999 -999 -999 -999 -999 -999 -999 -999 -999 -999 -999 -999 -999 101 103 105 104 105 107 108 109 111 112 113 114 -999 -999 -999 -999 -999 -999 -999 -999 121 122 125 124 127 128 128 130 129 130 133 132 133 134 135 136 137 138 139 140 141 142 143 144 145 146 147 148 149 150 151 152 -999 -999 -999 -999 -999 -999 -999 -999 -999 -999 -999 -999 -999 -999 -999 -999 -999 -999 -999 -999 -999 -999 -999
-999 -999 -999 -999 -999 -999 -999 -999 -999 -999 -999 -999 -999 -999 -999 -999 104 107 107 109 110 110 110 113 -999 -999 -999 -999 -999 -999 -999 -999 -999 -999 123 125 126 126 128 129 128 130 130 131 133 133 135 135 136 137 138 139 140 141 142 143 144 145 146 148 148 149 150 151 152 -999 -999 -999 -999 -999 -999 -999 -999 -999 -999 -999 -999 -999 -999 -999 -999 -999 -999 -999 -999 -999 -999 -999
-999 -999 -999 -999 -999 -999 -999 -999 -999 -999 -999 -999 -999 -999 -999 -999 -999 -999 -999 108 110 111 -999 -999 -999 -999 -999 -999 -999 -999 -999 -999 -999 -999 124 123 126 125 126 128 129 131 130 131 132 135 135 135 136 137 138 139 140 141 142 143 144 145 146 148 149 149 150 151 152 -999 -999 -999 -999 -999 -999 -999 -999 -999 -999 -999 -999 -999 -999 -999 -999 -999 -999 -999 -999 -999 -999 -999
-999 -999 -999 -999 -999 -999 -999 -999 -999 -999 -999 -999 -999 -999 -999 -999 -999 -999 -999 -999 -999 -999 -999 -999 -999 -999 -999 -999 -999 -999 -999 -999 -999 -999 123 123 126 125 127 127 128 129 132 132 132 135 135 135 136 137 138 139 140 141 142 143 145 146 147 148 149 150 150 151 152 -999 -999 -999 -999 -999 -999 -999 -999 -999 -999 -999 -999 -999 -999 -999 -999 -999 -999 -999 -999 -999 -999 -999
-999 -999 -999 -999 -999 -999 -999 -999 -999 -999 100 101 101 102 103 104 105 106 107 108 109 110 111 112 112 114 115 -999 -999 -999 -999 -999 -999 -999 122 124 125 126 127 127 130 131 130 131 134 134 135 136 136 137 138 139 140 141 142 143 144 145 147 147 149 149 150 151 152 154 -999 -999 -999 -999 -999 -999 -999 -999 -999 -999 -999 -999 -999 -999 -999 -999 -999 -999 -999 -999 -999 -999
-999 -999 -999 -999 -999 -999 -999 -999 97 99 100 100 102 102 103 104 104 105 108 107 110 110 111 112 112 115 115 117 -999 -999 -999 119 -999 -999 -999 123 125 126 128 129 130 129 131 131 132 135 134 137 138 137 138 139 140 141 142 143 145 145 146 147 148 149 150 151 152 153 -999 -999 -999 -999 -999 -999 -999 -999 -999 -999 -999 -999 -999 -999 -999 -999 -999 -999 -999 -999 -999 -999
-999 -999 -999 -999 -999 -999 -999 96 96 98 100 101 102 102 104 104 105 106 106 109 109 109 111 113 112 114 115 116 117 119 -999 -999 120 -999 -999 -999 124 125 127 128 130 130 130 131 133 133 134 135 138 138 138 140 140 141 144 143 144 146 147 148 148 149 150 151 152 153 154 -999 -999 -999 -999 -999 -999 -999 -999 -999 -999 -999 -999 -999 -999 -999 -999 -999 -999 -999 -999 -999
-999 -999 -999 -999 -999 93 94 96 97 98 100 101 102 102 103 104 105 107 107 109 108 109 110 113 114 115 115 116 117 118 -999 -999 120 123 -999 -999 125 126 127 128 128 131 131 133 134 133 134 135 136 137 138 139 140 141 142 144 144 146 147 148 148 149 150 151 152 153 154 -999 -999 -999 -999 -999 -999 -999 -999 -999 -999 -999 -999 -999 -999 -999 -999 -999 -999 -999 -999 -999
-999 -999 -999 -999 -999 93 95 96 98 97 100 100 102 102 103 104 106 107 106 107 109 110 111 113 113 114 114 117 117 119 118 -999 120 121 -999 -999 125 125 126 127 128 129 131 133 134 133 134 135 137 137 140 140 141 141 142 143 145 145 146 148 149 149 150 151 152 153 154 156 -999 -999 -999 -999 -999 -999 -999 -999 -999 -999 -999 -999 -999 -999 -999 -999 -999 -999 -999 -999
-999 -999 -999 -999 -999 95 95 96 96 99 100 100 102 102 102 104 105 105 106 107 108 111 111 113 114 113 116 116 118 117 119 121 -999 -999 122 125 126 125 126 127 128 129 131 133 133 133 134 136 136 137 138 139 141 141 142 143 144 145 147 147 149 149 150 151 152 153 154 155 156 -999 -999 -999 -999 -999 -999 -999 -999 -999 -999 -999 -999 -999 -999 -999 -999 -999 -999 -999
-999 -999 -999 -999 -999 -999 94 95 98 97 100 99 102 102 103 104 104 106 106 107 109 110 112 113 113 115 116 117 118 117 119 119 122 -999 123 123 126 -999 126 128 129 129 130 133 132 133 134 135 136 137 138 139 140 141 142 143 144 145 147 148 149 150 150 151 152 153 154 155 156 157 -999 -999 -999 -999 -999 -999 -999 -999 -999 -999 -999 -999 -999 -999 -999 -999 -999 -999
-999 -999 -999 -999 -999 -999 -999 95 96 98 100 101 101 102 104 105 105 105 107 109 108 110 110 112 114 115 116 117 117 117 120 120 120 -999 122 123 125 127 126 128 128 129 130 132 133 133 134 135 136 137 139 139 141 142 142 143 144 145 146 147 149 150 150 151 152 153 154 155 156 157 158 -999 -999 -999 -999 -999 -999 -999 -999 -999 -999 -999 -999 -999 -999 -999 -999 -999
-999 -999 -999 -999 -999 -999 -999 -999 97 98 99 100 101 101 103 104 106 107 108 109 110 111 110 111 114 114 115 116 117 117 119 119 120 -999 122 123 126 127 127 127 130 131 130 132 132 133 134 135 136 137 138 139 141 141 142 143 144 145 146 147 149 149 150 151 152 153 154 155 156 157 158 159 -999 -999 -999 -999 -999 -999 -999 -999 -999 -999 -999 -999 -999 -999 -999 -999
