output/Latitude__calculated.asc
NCOLS        229
NROWS        293
XLLCORNER       -123.653
YLLCORNER         63.844
CELLSIZE          0.003
NODATA_VALUE     -9999.    
[rows 84 to 111 of 293, columns 63 to 125 of 229]
64.19022 64.19028 64.19034 64.19040 64.19046 64.19052 64.19057 64.19064 64.19070 64.19076 64.19082 64.19088 64.19094 64.19099 64.19106 64.19112 64.19118 64.19124 64.19130 64.19135 64.19141 64.19147 64.19154 64.19160 64.19165 64.19171 64.19177 64.19183 64.19189 64.19195 64.19201 64.19207 64.19212 64.19218 64.19225 64.19230 64.19236 64.19242 64.19248 64.19254 64.19260 64.19266 64.19271 64.19277 64.19283 64.19289 64.19295 64.19301 64.19306 64.19312 64.19318 64.19324 64.19330 64.19335 64.19341 64.19347 64.19353 64.19359 64.19364 64.19370 64.19376 64.19382 64.19387
64.18857 64.18863 64.18869 64.18875 64.18881 64.18887 64.18893 64.18900 64.18906 64.18911 64.18917 64.18923 64.18929 64.18935 64.18941 64.18948 64.18953 64.18959 64.18965 64.18971 64.18977 64.18983 64.18989 64.18995 64.19001 64.19006 64.19012 64.19019 64.19025 64.19031 64.19036 64.19042 64.19048 64.19054 64.19060 64.19066 64.19072 64.19077 64.19083 64.19090 64.19095 64.19101 64.19107 64.19112 64.19118 64.19125 64.19130 64.19136 64.19142 64.19147 64.19154 64.19159 64.19165 64.19171 64.19176 64.19183 64.19188 64.19194 64.19200 64.19205 64.19212 64.19217 64.19223
64.18693 64.18699 64.18705 64.18711 64.18716 64.18723 64.18729 64.18735 64.18741 64.18747 64.18753 64.18759 64.18764 64.18771 64.18777 64.18783 64.18789 64.18795 64.18800 64.18806 64.18813 64.18819 64.18825 64.18830 64.18836 64.18842 64.18848 64.18854 64.18860 64.18866 64.18872 64.18877 64.18884 64.18890 64.18896 64.18901 64.18907 64.18913 64.18919 64.18925 64.18931 64.18936 64.18942 64.18948 64.18954 64.18960 64.18966 64.18971 64.18977 64.18983 64.18989 64.18995 64.19000 64.19006 64.19012 64.19018 64.19024 64.19029 64.19035 64.19041 64.19047 64.19053 64.19058
64.18528 64.18534 64.18540 64.18546 64.18552 64.18559 64.18565 64.18571 64.18576 64.18582 64.18588 64.18594 64.18600 64.18607 64.18613 64.18618 64.18624 64.18630 64.18636 64.18642 64.18648 64.18654 64.18660 64.18666 64.18672 64.18678 64.18684 64.18690 64.18696 64.18701 64.18707 64.18713 64.18719 64.18725 64.18731 64.18737 64.18742 64.18748 64.18755 64.18760 64.18766 64.18772 64.18777 64.18784 64.18790 64.18795 64.18801 64.18807 64.18813 64.18819 64.18825 64.18830 64.18836 64.18842 64.18848 64.18854 64.18859 64.18865 64.18871 64.18877 64.18883 64.18888 64.18894
64.18364 64.18370 64.18376 64.18382 64.18388 64.18394 64.18400 64.18406 64.18412 64.18418 64.18424 64.18430 64.18436 64.18442 64.18448 64.18454 64.18460 64.18465 64.18472 64.18478 64.18484 64.18490 64.18495 64.18501 64.18507 64.18513 64.18519 64.18525 64.18531 64.18537 64.18542 64.18549 64.18555 64.18561 64.18566 64.18572 64.18578 64.18584 64.18590 64.18596 64.18602 64.18607 64.18613 64.18620 64.18625 64.18631 64.18636 64.18642 64.18649 64.18654 64.18660 64.18666 64.18671 64.18678 64.18683 64.18689 64.18695 64.18700 64.18707 64.18712 64.18718 64.18723 64.18729
64.18199 64.18205 64.18211 64.18217 64.18224 64.18230 64.18236 64.18241 64.18247 64.18253 64.18259 64.18266 64.18272 64.18278 64.18283 64.18289 64.18295 64.18301 64.18307 64.18313 64.18319 64.18325 64.18331 64.18337 64.18343 64.18349 64.18355 64.18361 64.18366 64.18372 64.18378 64.18385 64.18390 64.18396 64.18402 64.18407 64.18414 64.18420 64.18426 64.18431 64.18437 64.18443 64.18449 64.18455 64.18461 64.18466 64.18472 64.18478 64.18484 64.18490 64.18495 64.18501 64.18507 64.18513 64.18519 64.18524 64.18530 64.18536 64.18542 64.18548 64.18553 64.18559 64.18565
64.18035 64.18041 64.18047 64.18053 64.18059 64.18065 64.18071 64.18077 64.18083 64.18089 64.18095 64.18101 64.18107 64.18113 64.18119 64.18125 64.18130 64.18137 64.18143 64.18149 64.18155 64.18160 64.18166 64.18172 64.18179 64.18185 64.18190 64.18196 64.18202 64.18208 64.18214 64.18220 64.18226 64.18232 64.18237 64.18243 64.18250 64.18255 64.18261 64.18267 64.18272 64.18279 64.18285 64.18290 64.18296 64.18302 64.18307 64.18314 64.18320 64.18325 64.18331 64.18336 64.18343 64.18349 64.18354 64.18360 64.18365 64.18372 64.18378 64.18383 64.18389 64.18394 64.18401
64.17870 64.17876 64.17883 64.17889 64.17895 64.17901 64.17906 64.17912 64.17918 64.17924 64.17931 64.17937 64.17943 64.17948 64.17954 64.17960 64.17966 64.17973 64.17979 64.17984 64.17990 64.17996 64.18002 64.18008 64.18014 64.18020 64.18026 64.18032 64.18037 64.18044 64.18050 64.18055 64.18061 64.18067 64.18073 64.18079 64.18085 64.18091 64.18096 64.18102 64.18108 64.18114 64.18120 64.18126 64.18131 64.18137 64.18143 64.18149 64.18155 64.18161 64.18166 64.18172 64.18178 64.18184 64.18190 64.18195 64.18201 64.18207 64.18213 64.18219 64.18224 64.18230 64.18236
64.17706 64.17712 64.17718 64.17724 64.17730 64.17736 64.17742 64.17748 64.17754 64.17760 64.17766 64.17772 64.17778 64.17784 64.17790 64.17796 64.17802 64.17808 64.17814 64.17820 64.17826 64.17831 64.17838 64.17844 64.17850 64.17855 64.17861 64.17867 64.17873 64.17879 64.17885 64.17891 64.17897 64.17902 64.17908 64.17915 64.17920 64.17926 64.17932 64.17938 64.17944 64.17950 64.17956 64.17961 64.17967 64.17973 64.17979 64.17985 64.17990 64.17996 64.18002 64.18008 64.18014 64.18020 64.18025 64.18031 64.18037 64.18043 64.18048 64.18054 64.18060 64.18066 64.18072
64.17542 64.17548 64.17554 64.17560 64.17566 64.17571 64.17577 64.17583 64.17590 64.17596 64.17602 64.17608 64.17613 64.17619 64.17625 64.17632 64.17638 64.17644 64.17649 64.17655 64.17661 64.17667 64.17673 64.17679 64.17685 64.17691 64.17697 64.17702 64.17709 64.17715 64.17721 64.17726 64.17732 64.17738 64.17744 64.17750 64.17756 64.17762 64.17767 64.17773 64.17780 64.17785 64.17791 64.17797 64.17802 64.17809 64.17815 64.17820 64.17826 64.17832 64.17838 64.17844 64.17849 64.17855 64.17861 64.17867 64.17873 64.17878 64.17884 64.17889 64.17896 64.17902 64.17907
64.17377 64.17383 64.17389 64.17395 64.17401 64.17407 64.17413 64.17419 64.17426 64.17431 64.17437 64.17443 64.17449 64.17455 64.17461 64.17467 64.17473 64.17479 64.17485 64.17491 64.17496 64.17503 64.17509 64.17515 64.17521 64.17526 64.17532 64.17538 64.17545 64.17550 64.17556 64.17562 64.17568 64.17574 64.17580 64.17586 64.17591 64.17597 64.17603 64.17609 64.17615 64.17621 64.17626 64.17632 64.17638 64.17644 64.17650 64.17656 64.17661 64.17667 64.17673 64.17679 64.17685 64.17690 64.17696 64.17702 64.17708 64.17714 64.17719 64.17725 64.17731 64.17737 64.17743
64.17213 64.17219 64.17225 64.17231 64.17237 64.17242 64.17249 64.17255 64.17261 64.17267 64.17273 64.17279 64.17284 64.17290 64.17297 64.17303 64.17309 64.17315 64.17320 64.17326 64.17332 64.17339 64.17345 64.17350 64.17356 64.17362 64.17368 64.17374 64.17380 64.17386 64.17392 64.17397 64.17403 64.17410 64.17415 64.17421 64.17427 64.17433 64.17439 64.17445 64.17451 64.17456 64.17462 64.17468 64.17474 64.17480 64.17486 64.17491 64.17497 64.17503 64.17509 64.17515 64.17520 64.17526 64.17532 64.17538 64.17544 64.17549 64.17555 64.17561 64.17567 64.17572 64.17578
64.17048 64.17054 64.17060 64.17066 64.17072 64.17078 64.17085 64.17091 64.17096 64.17102 64.17108 64.17114 64.17120 64.17126 64.17133 64.17138 64.17144 64.17150 64.17156 64.17162 64.17168 64.17174 64.17180 64.17186 64.17192 64.17197 64.17204 64.17210 64.17216 64.17221 64.17227 64.17233 64.17239 64.17245 64.17251 64.17257 64.17262 64.17268 64.17274 64.17280 64.17286 64.17292 64.17297 64.17303 64.17310 64.17315 64.17321 64.17327 64.17332 64.17339 64.17345 64.17350 64.17356 64.17361 64.17368 64.17374 64.17379 64.17385 64.17390 64.17397 64.17402 64.17408 64.17413
64.16884 64.16890 64.16896 64.16902 64.16908 64.16914 64.16920 64.16926 64.16932 64.16938 64.16944 64.16950 64.16956 64.16962 64.16968 64.16974 64.16980 64.16985 64.16991 64.16998 64.17004 64.17010 64.17015 64.17021 64.17027 64.17033 64.17039 64.17045 64.17051 64.17057 64.17063 64.17068 64.17075 64.17081 64.17086 64.17092 64.17098 64.17104 64.17110 64.17116 64.17122 64.17127 64.17133 64.17139 64.17145 64.17151 64.17156 64.17162 64.17168 64.17174 64.17180 64.17186 64.17191 64.17197 64.17203 64.17209 64.17215 64.17220 64.17226 64.17232 64.17238 64.17243 64.17249
64.16719 64.16725 64.16731 64.16737 64.16743 64.16750 64.16756 64.16762 64.16767 64.16773 64.16779 64.16785 64.16792 64.16798 64.16804 64.16809 64.16815 64.16821 64.16827 64.16833 64.16839 64.16845 64.16851 64.16857 64.16862 64.16869 64.16875 64.16881 64.16887 64.16892 64.16898 64.16904 64.16910 64.16916 64.16922 64.16928 64.16933 64.16940 64.16946 64.16951 64.16957 64.16963 64.16969 64.16975 64.16981 64.16986 64.16992 64.16998 64.17004 64.17010 64.17015 64.17021 64.17027 64.17033 64.17039 64.17044 64.17050 64.17056 64.17062 64.17068 64.17073 64.17079 64.17085
64.16555 64.16561 64.16567 64.16573 64.16579 64.16585 64.16591 64.16597 64.16603 64.16609 64.16615 64.16621 64.16627 64.16633 64.16639 64.16645 64.16651 64.16656 64.16663 64.16669 64.16675 64.16681 64.16686 64.16692 64.16698 64.16705 64.16711 64.16716 64.16722 64.16728 64.16734 64.16740 64.16746 64.16752 64.16757 64.16763 64.16769 64.16775 64.16781 64.16787 64.16792 64.16798 64.16805 64.16810 64.16816 64.16822 64.16827 64.16833 64.16840 64.16845 64.16851 64.16857 64.16862 64.16869 64.16874 64.16880 64.16885 64.16891 64.16898 64.16903 64.16909 64.16914 64.16920
64.16390 64.16396 64.16402 64.16409 64.16415 64.16421 64.16427 64.16433 64.16438 64.16444 64.16451 64.16457 64.16463 64.16469 64.16475 64.16480 64.16486 64.16492 64.16499 64.16505 64.16510 64.16516 64.16522 64.16528 64.16534 64.16540 64.16546 64.16552 64.16558 64.16563 64.16570 64.16576 64.16581 64.16587 64.16593 64.16599 64.16605 64.16611 64.16617 64.16622 64.16628 64.16634 64.16640 64.16646 64.16652 64.16657 64.16663 64.16669 64.16675 64.16681 64.16686 64.16692 64.16698 64.16704 64.16710 64.16715 64.16721 64.16727 64.16733 64.16739 64.16744 64.16750 64.16756
64.16226 64.16232 64.16238 64.16245 64.16250 64.16256 64.16262 64.16268 64.16274 64.16280 64.16286 64.16293 64.16298 64.16304 64.16310 64.16316 64.16322 64.16328 64.16334 64.16340 64.16346 64.16352 64.16357 64.16364 64.16370 64.16376 64.16382 64.16387 64.16393 64.16399 64.16405 64.16411 64.16417 64.16423 64.16428 64.16434 64.16441 64.16446 64.16452 64.16458 64.16463 64.16470 64.16476 64.16481 64.16487 64.16493 64.16499 64.16505 64.16511 64.16516 64.16522 64.16528 64.16534 64.16540 64.16545 64.16551 64.16557 64.16563 64.16569 64.16574 64.16580 64.16586 64.16592
64.16061 64.16068 64.16074 64.16080 64.16086 64.16092 64.16098 64.16104 64.16109 64.16116 64.16122 64.16128 64.16134 64.16140 64.16146 64.16151 64.16158 64.16164 64.16170 64.16176 64.16181 64.16187 64.16193 64.16199 64.16206 64.16211 64.16217 64.16223 64.16229 64.16235 64.16241 64.16247 64.16252 64.16258 64.16264 64.16270 64.16276 64.16282 64.16288 64.16293 64.16299 64.16306 64.16311 64.16317 64.16323 64.16328 64.16335 64.16341 64.16346 64.16352 64.16357 64.16364 64.16370 64.16375 64.16381 64.16386 64.16393 64.16399 64.16404 64.16410 64.16415 64.16422 64.16427
64.15897 64.15903 64.15910 64.15916 64.15922 64.15927 64.15933 64.15939 64.15945 64.15952 64.15958 64.15964 64.15969 64.15975 64.15981 64.15987 64.15993 64.16000 64.16005 64.16011 64.16017 64.16023 64.16029 64.16035 64.16041 64.16047 64.16053 64.16058 64.16064 64.16071 64.16077 64.16082 64.16088 64.16094 64.16100 64.16106 64.16112 64.16117 64.16123 64.16129 64.16135 64.16141 64.16147 64.16152 64.16158 64.16164 64.16170 64.16176 64.16182 64.16187 64.16193 64.16199 64.16205 64.16211 64.16216 64.16222 64.16228 64.16234 64.16240 64.16245 64.16251 64.16257 64.16263
64.15733 64.15739 64.15745 64.15751 64.15757 64.15763 64.15769 64.15775 64.15781 64.15787 64.15793 64.15799 64.15805 64.15811 64.15817 64.15823 64.15829 64.15835 64.15841 64.15847 64.15852 64.15858 64.15865 64.15871 64.15877 64.15882 64.15888 64.15894 64.15900 64.15906 64.15912 64.15918 64.15923 64.15929 64.15936 64.15942 64.15947 64.15953 64.15959 64.15965 64.15971 64.15977 64.15982 64.15988 64.15994 64.16000 64.16006 64.16012 64.16017 64.16023 64.16029 64.16035 64.16041 64.16046 64.16052 64.16058 64.16064 64.16070 64.16075 64.16081 64.16087 64.16093 64.16098
64.15569 64.15575 64.15581 64.15587 64.15593 64.15598 64.15604 64.15611 64.15617 64.15623 64.15629 64.15635 64.15640 64.15646 64.15652 64.15659 64.15665 64.15671 64.15676 64.15682 64.15688 64.15694 64.15701 64.15706 64.15712 64.15718 64.15724 64.15730 64.15736 64.15742 64.15748 64.15753 64.15759 64.15765 64.15771 64.15777 64.15783 64.15789 64.15794 64.15800 64.15807 64.15812 64.15818 64.15824 64.15829 64.15836 64.15841 64.15847 64.15853 64.15858 64.15865 64.15871 64.15876 64.15882 64.15887 64.15894 64.15900 64.15905 64.15911 64.15916 64.15923 64.15928 64.15934
64.15405 64.15410 64.15416 64.15422 64.15428 64.15434 64.15440 64.15446 64.15453 64.15458 64.15464 64.15470 64.15476 64.15482 64.15488 64.15495 64.15500 64.15506 64.15512 64.15518 64.15524 64.15530 64.15536 64.15542 64.15548 64.15553 64.15559 64.15565 64.15572 64.15577 64.15583 64.15589 64.15595 64.15601 64.15607 64.15613 64.15618 64.15624 64.15630 64.15636 64.15642 64.15648 64.15653 64.15659 64.15665 64.15671 64.15677 64.15683 64.15688 64.15694 64.15700 64.15706 64.15712 64.15717 64.15723 64.15729 64.15735 64.15741 64.15746 64.15752 64.15758 64.15764 64.15769
64.15240 64.15246 64.15252 64.15258 64.15264 64.15270 64.15276 64.15282 64.15288 64.15294 64.15300 64.15306 64.15312 64.15318 64.15324 64.15330 64.15336 64.15342 64.15347 64.15353 64.15359 64.15366 64.15372 64.15377 64.15383 64.15389 64.15395 64.15401 64.15407 64.15413 64.15419 64.15424 64.15430 64.15437 64.15442 64.15448 64.15454 64.15460 64.15466 64.15472 64.15478 64.15483 64.15489 64.15495 64.15501 64.15507 64.15513 64.15518 64.15524 64.15530 64.15536 64.15542 64.15547 64.15553 64.15559 64.15565 64.15571 64.15576 64.15582 64.15588 64.15594 64.15599 64.15605
64.15076 64.15082 64.15088 64.15093 64.15099 64.15105 64.15112 64.15118 64.15124 64.15130 64.15135 64.15141 64.15147 64.15154 64.15160 64.15166 64.15171 64.15177 64.15183 64.15189 64.15195 64.15201 64.15207 64.15213 64.15219 64.15224 64.15231 64.15237 64.15243 64.15248 64.15254 64.15260 64.15266 64.15272 64.15278 64.15284 64.15289 64.15295 64.15302 64.15307 64.15313 64.15319 64.15324 64.15331 64.15337 64.15342 64.15348 64.15354 64.15359 64.15366 64.15372 64.15377 64.15383 64.15388 64.15395 64.15401 64.15406 64.15412 64.15417 64.15424 64.15429 64.15435 64.15440
64.14911 64.14917 64.14923 64.14929 64.14935 64.14941 64.14948 64.14953 64.14959 64.14965 64.14971 64.14977 64.14983 64.14989 64.14995 64.15001 64.15007 64.15013 64.15019 64.15025 64.15031 64.15037 64.15043 64.15049 64.15054 64.15060 64.15067 64.15073 64.15078 64.15084 64.15090 64.15096 64.15102 64.15108 64.15114 64.15119 64.15125 64.15131 64.15137 64.15143 64.15149 64.15154 64.15160 64.15166 64.15172 64.15178 64.15184 64.15189 64.15195 64.15201 64.15207 64.15213 64.15218 64.15224 64.15230 64.15236 64.15242 64.15247 64.15253 64.15259 64.15265 64.15270 64.15276
64.14747 64.14753 64.14759 64.14765 64.14771 64.14777 64.14783 64.14789 64.14795 64.14801 64.14807 64.14812 64.14819 64.14825 64.14831 64.14837 64.14843 64.14848 64.14854 64.14861 64.14867 64.14873 64.14878 64.14884 64.14890 64.14896 64.14902 64.14908 64.14914 64.14920 64.14925 64.14931 64.14938 64.14943 64.14949 64.14955 64.14961 64.14967 64.14973 64.14979 64.14984 64.14990 64.14996 64.15002 64.15008 64.15014 64.15019 64.15025 64.15031 64.15037 64.15043 64.15048 64.15054 64.15060 64.15066 64.15072 64.15077 64.15083 64.15089 64.15095 64.15100 64.15106 64.15112
64.14582 64.14588 64.14594 64.14600 64.14606 64.14613 64.14619 64.14625 64.14630 64.14636 64.14642 64.14648 64.14655 64.14661 64.14667 64.14672 64.14678 64.14684 64.14690 64.14697 64.14702 64.14708 64.14714 64.14720 64.14725 64.14732 64.14738 64.14744 64.14749 64.14755 64.14761 64.14767 64.14773 64.14779 64.14785 64.14790 64.14796 64.14803 64.14808 64.14814 64.14820 64.14826 64.14832 64.14838 64.14843 64.14849 64.14855 64.14861 64.14867 64.14873 64.14878 64.14884 64.14890 64.14896 64.14902 64.14907 64.14913 64.14919 64.14925 64.14930 64.14936 64.14942 64.14948
