output/Latitude__calculated.asc
NCOLS        229
NROWS        293
XLLCORNER       -123.653
YLLCORNER         63.844
CELLSIZE          0.003
NODATA_VALUE     -9999.    
[rows 252 to 279 of 293, columns 126 to 188 of 229]
63.91828 63.91834 63.91840 63.91845 63.91851 63.91857 63.91862 63.91868 63.91874 63.91879 63.91885 63.91891 63.91896 63.91902 63.91908 63.91913 63.91919 63.91925 63.91930 63.91936 63.91941 63.91947 63.91953 63.91958 63.91964 63.91969 63.91975 63.91980 63.91986 63.91992 63.91997 63.92003 63.92008 63.92014 63.92019 63.92025 63.92030 63.92036 63.92041 63.92047 63.92052 63.92058 63.92064 63.92069 63.92075 63.92080 63.92086 63.92091 63.92097 63.92102 63.92108 63.92113 63.92118 63.92124 63.92130 63.92135 63.92140 63.92146 63.92151 63.92157 63.92162 63.92168 63.92173
63.91665 63.91670 63.91676 63.91682 63.91687 63.91693 63.91699 63.91705 63.91710 63.91716 63.91721 63.91727 63.91733 63.91738 63.91744 63.91750 63.91755 63.91761 63.91766 63.91772 63.91778 63.91783 63.91789 63.91795 63.91800 63.91806 63.91811 63.91817 63.91822 63.91828 63.91833 63.91839 63.91845 63.91850 63.91856 63.91861 63.91867 63.91872 63.91878 63.91883 63.91889 63.91895 63.91900 63.91906 63.91911 63.91917 63.91922 63.91927 63.91933 63.91938 63.91944 63.91949 63.91955 63.91961 63.91966 63.91971 63.91977 63.91982 63.91988 63.91993 63.91998 63.92004 63.92009
63.91501 63.91507 63.91512 63.91518 63.91524 63.91529 63.91535 63.91541 63.91546 63.91552 63.91558 63.91563 63.91569 63.91574 63.91580 63.91586 63.91592 63.91597 63.91603 63.91608 63.91614 63.91619 63.91625 63.91631 63.91636 63.91642 63.91648 63.91653 63.91659 63.91665 63.91670 63.91676 63.91681 63.91687 63.91692 63.91698 63.91703 63.91709 63.91714 63.91720 63.91725 63.91731 63.91736 63.91742 63.91747 63.91753 63.91758 63.91764 63.91769 63.91775 63.91780 63.91786 63.91791 63.91797 63.91802 63.91808 63.91813 63.91819 63.91824 63.91829 63.91835 63.91840 63.91846
63.91337 63.91343 63.91349 63.91354 63.91360 63.91366 63.91372 63.91377 63.91383 63.91388 63.91394 63.91400 63.91405 63.91411 63.91417 63.91422 63.91428 63.91434 63.91439 63.91445 63.91451 63.91456 63.91462 63.91467 63.91473 63.91478 63.91484 63.91489 63.91495 63.91501 63.91506 63.91512 63.91517 63.91523 63.91528 63.91534 63.91539 63.91545 63.91550 63.91556 63.91562 63.91567 63.91573 63.91578 63.91584 63.91589 63.91595 63.91600 63.91606 63.91611 63.91616 63.91622 63.91628 63.91633 63.91639 63.91644 63.91649 63.91655 63.91660 63.91666 63.91671 63.91677 63.91682
63.91174 63.91179 63.91185 63.91191 63.91196 63.91202 63.91208 63.91214 63.91219 63.91225 63.91230 63.91236 63.91242 63.91248 63.91253 63.91259 63.91264 63.91270 63.91275 63.91281 63.91287 63.91292 63.91298 63.91304 63.91309 63.91315 63.91320 63.91326 63.91331 63.91337 63.91343 63.91348 63.91354 63.91359 63.91365 63.91370 63.91376 63.91381 63.91387 63.91393 63.91398 63.91404 63.91409 63.91415 63.91420 63.91426 63.91431 63.91436 63.91442 63.91447 63.91453 63.91459 63.91464 63.91469 63.91475 63.91480 63.91486 63.91491 63.91497 63.91502 63.91507 63.91513 63.91518
63.91010 63.91016 63.91021 63.91027 63.91033 63.91039 63.91044 63.91050 63.91056 63.91061 63.91067 63.91072 63.91078 63.91084 63.91089 63.91095 63.91101 63.91106 63.91112 63.91117 63.91123 63.91129 63.91134 63.91140 63.91145 63.91151 63.91157 63.91162 63.91168 63.91174 63.91179 63.91185 63.91190 63.91196 63.91201 63.91207 63.91212 63.91218 63.91223 63.91229 63.91234 63.91240 63.91245 63.91251 63.91256 63.91262 63.91267 63.91273 63.91278 63.91284 63.91290 63.91295 63.91300 63.91306 63.91311 63.91317 63.91322 63.91328 63.91333 63.91338 63.91344 63.91349 63.91355
63.90847 63.90852 63.90858 63.90863 63.90869 63.90875 63.90881 63.90886 63.90892 63.90897 63.90903 63.90909 63.90915 63.90920 63.90926 63.90931 63.90937 63.90943 63.90948 63.90954 63.90960 63.90965 63.90971 63.90976 63.90982 63.90987 63.90993 63.90998 63.91004 63.91010 63.91015 63.91021 63.91026 63.91032 63.91037 63.91043 63.91049 63.91054 63.91060 63.91065 63.91071 63.91076 63.91082 63.91087 63.91093 63.91098 63.91104 63.91109 63.91115 63.91120 63.91126 63.91131 63.91137 63.91142 63.91148 63.91153 63.91158 63.91164 63.91169 63.91175 63.91180 63.91186 63.91191
63.90683 63.90689 63.90694 63.90700 63.90705 63.90711 63.90717 63.90723 63.90728 63.90734 63.90739 63.90745 63.90751 63.90757 63.90762 63.90768 63.90773 63.90779 63.90784 63.90790 63.90796 63.90802 63.90807 63.90813 63.90818 63.90824 63.90829 63.90835 63.90841 63.90846 63.90852 63.90857 63.90863 63.90868 63.90874 63.90879 63.90885 63.90891 63.90896 63.90902 63.90907 63.90913 63.90918 63.90924 63.90929 63.90935 63.90940 63.90945 63.90951 63.90956 63.90962 63.90968 63.90973 63.90979 63.90984 63.90989 63.90995 63.91000 63.91006 63.91011 63.91016 63.91022 63.91027
63.90519 63.90525 63.90531 63.90536 63.90542 63.90548 63.90553 63.90559 63.90565 63.90570 63.90576 63.90582 63.90587 63.90593 63.90599 63.90604 63.90610 63.90615 63.90621 63.90627 63.90632 63.90638 63.90643 63.90649 63.90655 63.90660 63.90666 63.90672 63.90677 63.90683 63.90688 63.90694 63.90699 63.90705 63.90710 63.90716 63.90722 63.90727 63.90733 63.90738 63.90744 63.90749 63.90754 63.90760 63.90765 63.90771 63.90776 63.90782 63.90788 63.90793 63.90799 63.90804 63.90809 63.90815 63.90820 63.90826 63.90831 63.90837 63.90842 63.90847 63.90853 63.90858 63.90864
63.90356 63.90361 63.90367 63.90373 63.90378 63.90384 63.90390 63.90395 63.90401 63.90407 63.90413 63.90418 63.90424 63.90429 63.90435 63.90440 63.90446 63.90452 63.90458 63.90463 63.90469 63.90474 63.90480 63.90485 63.90491 63.90496 63.90502 63.90508 63.90513 63.90519 63.90524 63.90530 63.90536 63.90541 63.90547 63.90552 63.90558 63.90563 63.90569 63.90574 63.90580 63.90585 63.90591 63.90596 63.90602 63.90607 63.90613 63.90619 63.90624 63.90629 63.90635 63.90640 63.90646 63.90651 63.90657 63.90662 63.90668 63.90673 63.90678 63.90684 63.90689 63.90695 63.90700
63.90192 63.90198 63.90203 63.90209 63.90215 63.90220 63.90226 63.90232 63.90237 63.90243 63.90249 63.90254 63.90260 63.90266 63.90271 63.90277 63.90282 63.90288 63.90294 63.90299 63.90305 63.90311 63.90316 63.90322 63.90327 63.90333 63.90339 63.90344 63.90350 63.90355 63.90361 63.90366 63.90372 63.90377 63.90383 63.90388 63.90394 63.90400 63.90405 63.90411 63.90416 63.90422 63.90427 63.90433 63.90438 63.90444 63.90449 63.90455 63.90460 63.90466 63.90471 63.90477 63.90482 63.90488 63.90493 63.90498 63.90504 63.90509 63.90515 63.90520 63.90526 63.90531 63.90536
63.90028 63.90034 63.90040 63.90046 63.90051 63.90057 63.90062 63.90068 63.90074 63.90079 63.90085 63.90091 63.90096 63.90102 63.90108 63.90113 63.90119 63.90125 63.90130 63.90136 63.90141 63.90147 63.90153 63.90158 63.90164 63.90170 63.90175 63.90181 63.90186 63.90192 63.90197 63.90203 63.90208 63.90214 63.90219 63.90225 63.90231 63.90236 63.90242 63.90247 63.90253 63.90258 63.90264 63.90269 63.90275 63.90280 63.90285 63.90291 63.90297 63.90302 63.90308 63.90313 63.90319 63.90324 63.90329 63.90335 63.90340 63.90346 63.90351 63.90357 63.90362 63.90368 63.90373
63.89865 63.89870 63.89876 63.89882 63.89888 63.89893 63.89899 63.89904 63.89910 63.89916 63.89922 63.89927 63.89933 63.89938 63.89944 63.89950 63.89956 63.89961 63.89967 63.89972 63.89978 63.89983 63.89989 63.89994 63.90000 63.90006 63.90011 63.90017 63.90023 63.90028 63.90034 63.90039 63.90045 63.90050 63.90056 63.90062 63.90067 63.90073 63.90078 63.90084 63.90089 63.90094 63.90100 63.90105 63.90111 63.90117 63.90122 63.90128 63.90133 63.90139 63.90144 63.90149 63.90155 63.90160 63.90166 63.90171 63.90177 63.90182 63.90187 63.90193 63.90199 63.90204 63.90209
63.89701 63.89707 63.89713 63.89718 63.89724 63.89730 63.89735 63.89741 63.89746 63.89752 63.89758 63.89764 63.89769 63.89775 63.89780 63.89786 63.89792 63.89797 63.89803 63.89809 63.89814 63.89820 63.89825 63.89831 63.89837 63.89842 63.89848 63.89853 63.89859 63.89864 63.89870 63.89876 63.89881 63.89887 63.89892 63.89898 63.89903 63.89909 63.89914 63.89920 63.89925 63.89931 63.89936 63.89942 63.89948 63.89953 63.89959 63.89964 63.89969 63.89975 63.89980 63.89986 63.89991 63.89997 63.90002 63.90008 63.90013 63.90018 63.90024 63.90030 63.90035 63.90040 63.90046
63.89538 63.89543 63.89549 63.89555 63.89560 63.89566 63.89572 63.89577 63.89583 63.89589 63.89594 63.89600 63.89606 63.89611 63.89617 63.89622 63.89628 63.89634 63.89639 63.89645 63.89651 63.89656 63.89662 63.89668 63.89673 63.89679 63.89684 63.89690 63.89695 63.89701 63.89706 63.89712 63.89717 63.89723 63.89729 63.89734 63.89740 63.89745 63.89751 63.89756 63.89762 63.89767 63.89773 63.89779 63.89784 63.89789 63.89795 63.89800 63.89806 63.89811 63.89817 63.89822 63.89828 63.89833 63.89839 63.89844 63.89849 63.89855 63.89861 63.89866 63.89871 63.89877 63.89882
63.89374 63.89380 63.89386 63.89391 63.89397 63.89402 63.89408 63.89414 63.89420 63.89425 63.89431 63.89436 63.89442 63.89448 63.89454 63.89459 63.89465 63.89470 63.89476 63.89481 63.89487 63.89493 63.89498 63.89504 63.89510 63.89515 63.89521 63.89526 63.89532 63.89537 63.89543 63.89548 63.89554 63.89560 63.89565 63.89571 63.89576 63.89582 63.89587 63.89593 63.89598 63.89604 63.89609 63.89615 63.89620 63.89626 63.89631 63.89637 63.89642 63.89648 63.89653 63.89659 63.89664 63.89669 63.89675 63.89680 63.89686 63.89692 63.89697 63.89702 63.89708 63.89713 63.89719
63.89211 63.89216 63.89222 63.89228 63.89233 63.89239 63.89244 63.89250 63.89256 63.89262 63.89267 63.89273 63.89278 63.89284 63.89290 63.89296 63.89301 63.89307 63.89312 63.89318 63.89323 63.89329 63.89334 63.89340 63.89346 63.89351 63.89357 63.89363 63.89368 63.89374 63.89379 63.89385 63.89391 63.89396 63.89402 63.89407 63.89413 63.89418 63.89424 63.89429 63.89435 63.89440 63.89445 63.89451 63.89457 63.89462 63.89468 63.89473 63.89479 63.89484 63.89490 63.89495 63.89500 63.89506 63.89511 63.89517 63.89522 63.89528 63.89533 63.89539 63.89544 63.89550 63.89555
63.89047 63.89053 63.89058 63.89064 63.89070 63.89075 63.89081 63.89087 63.89092 63.89098 63.89104 63.89109 63.89115 63.89120 63.89126 63.89132 63.89137 63.89143 63.89149 63.89154 63.89160 63.89165 63.89171 63.89177 63.89182 63.89188 63.89193 63.89199 63.89204 63.89210 63.89216 63.89221 63.89227 63.89232 63.89238 63.89243 63.89249 63.89254 63.89260 63.89265 63.89271 63.89277 63.89282 63.89288 63.89293 63.89299 63.89304 63.89310 63.89315 63.89320 63.89326 63.89331 63.89337 63.89342 63.89348 63.89353 63.89359 63.89364 63.89370 63.89375 63.89381 63.89386 63.89391
63.88883 63.88889 63.88895 63.88900 63.88906 63.88912 63.88918 63.88923 63.88929 63.88934 63.88940 63.88946 63.88951 63.88957 63.88963 63.88968 63.88974 63.88979 63.88985 63.88991 63.88997 63.89002 63.89008 63.89013 63.89019 63.89024 63.89030 63.89035 63.89041 63.89046 63.89052 63.89058 63.89063 63.89069 63.89074 63.89080 63.89085 63.89091 63.89096 63.89102 63.89108 63.89113 63.89119 63.89124 63.89130 63.89135 63.89140 63.89146 63.89151 63.89157 63.89162 63.89168 63.89174 63.89179 63.89184 63.89190 63.89195 63.89201 63.89206 63.89212 63.89217 63.89222 63.89228
63.88720 63.88726 63.88731 63.88737 63.88742 63.88748 63.88754 63.88760 63.88765 63.88771 63.88776 63.88782 63.88788 63.88794 63.88799 63.88805 63.88810 63.88816 63.88821 63.88827 63.88833 63.88838 63.88844 63.88850 63.88855 63.88861 63.88866 63.88872 63.88877 63.88883 63.88889 63.88894 63.88900 63.88905 63.88911 63.88916 63.88922 63.88927 63.88933 63.88939 63.88944 63.88950 63.88955 63.88960 63.88966 63.88971 63.88977 63.88982 63.88988 63.88993 63.88999 63.89004 63.89010 63.89015 63.89021 63.89026 63.89032 63.89037 63.89042 63.89048 63.89053 63.89059 63.89064
63.88556 63.88562 63.88568 63.88573 63.88579 63.88585 63.88590 63.88596 63.88602 63.88607 63.88613 63.88618 63.88624 63.88630 63.88636 63.88641 63.88647 63.88652 63.88658 63.88663 63.88669 63.88675 63.88680 63.88686 63.88692 63.88697 63.88703 63.88708 63.88714 63.88720 63.88725 63.88731 63.88736 63.88742 63.88747 63.88753 63.88758 63.88764 63.88769 63.88775 63.88780 63.88786 63.88791 63.88797 63.88802 63.88808 63.88813 63.88819 63.88824 63.88830 63.88835 63.88841 63.88846 63.88852 63.88857 63.88863 63.88868 63.88873 63.88879 63.88884 63.88890 63.88895 63.88901
63.88393 63.88398 63.88404 63.88410 63.88416 63.88421 63.88427 63.88432 63.88438 63.88444 63.88449 63.88455 63.88461 63.88466 63.88472 63.88478 63.88483 63.88489 63.88494 63.88500 63.88506 63.88511 63.88517 63.88522 63.88528 63.88534 63.88539 63.88545 63.88550 63.88556 63.88562 63.88567 63.88573 63.88578 63.88584 63.88589 63.88595 63.88600 63.88606 63.88611 63.88617 63.88622 63.88628 63.88633 63.88639 63.88644 63.88650 63.88655 63.88661 63.88666 63.88672 63.88677 63.88683 63.88688 63.88694 63.88699 63.88704 63.88710 63.88715 63.88721 63.88726 63.88732 63.88737
63.88229 63.88235 63.88240 63.88246 63.88252 63.88258 63.88263 63.88269 63.88274 63.88280 63.88286 63.88292 63.88297 63.88303 63.88308 63.88314 63.88320 63.88325 63.88331 63.88337 63.88342 63.88348 63.88353 63.88359 63.88364 63.88370 63.88375 63.88381 63.88387 63.88392 63.88398 63.88403 63.88409 63.88414 63.88420 63.88425 63.88431 63.88437 63.88442 63.88448 63.88453 63.88459 63.88464 63.88470 63.88475 63.88481 63.88486 63.88492 63.88497 63.88503 63.88508 63.88514 63.88519 63.88525 63.88530 63.88535 63.88541 63.88546 63.88552 63.88557 63.88563 63.88568 63.88573
63.88066 63.88071 63.88077 63.88083 63.88088 63.88094 63.88100 63.88105 63.88111 63.88117 63.88122 63.88128 63.88134 63.88139 63.88145 63.88150 63.88156 63.88162 63.88167 63.88173 63.88179 63.88184 63.88190 63.88195 63.88201 63.88206 63.88212 63.88218 63.88223 63.88229 63.88234 63.88240 63.88245 63.88251 63.88256 63.88262 63.88268 63.88273 63.88279 63.88284 63.88290 63.88295 63.88301 63.88306 63.88312 63.88317 63.88323 63.88328 63.88334 63.88339 63.88345 63.88350 63.88356 63.88361 63.88366 63.88372 63.88377 63.88383 63.88388 63.88394 63.88399 63.88404 63.88410
63.87902 63.87908 63.87914 63.87919 63.87925 63.87931 63.87936 63.87942 63.87947 63.87953 63.87959 63.87964 63.87970 63.87976 63.87981 63.87987 63.87992 63.87998 63.88004 63.88009 63.88015 63.88021 63.88026 63.88032 63.88037 63.88043 63.88049 63.88054 63.88060 63.88065 63.88071 63.88076 63.88082 63.88087 63.88093 63.88099 63.88104 63.88110 63.88115 63.88121 63.88126 63.88132 63.88137 63.88143 63.88148 63.88154 63.88159 63.88165 63.88170 63.88176 63.88181 63.88187 63.88192 63.88197 63.88203 63.88208 63.88214 63.88219 63.88225 63.88230 63.88235 63.88241 63.88247
63.87738 63.87744 63.87750 63.87756 63.87761 63.87767 63.87773 63.87778 63.87784 63.87790 63.87795 63.87801 63.87807 63.87812 63.87818 63.87823 63.87829 63.87835 63.87840 63.87846 63.87851 63.87857 63.87863 63.87868 63.87874 63.87880 63.87885 63.87891 63.87896 63.87902 63.87907 63.87913 63.87918 63.87924 63.87930 63.87935 63.87941 63.87946 63.87952 63.87957 63.87963 63.87968 63.87974 63.87979 63.87984 63.87990 63.87996 63.88001 63.88007 63.88012 63.88018 63.88023 63.88028 63.88034 63.88039 63.88045 63.88050 63.88056 63.88061 63.88066 63.88072 63.88078 63.88083
63.87575 63.87581 63.87587 63.87592 63.87598 63.87603 63.87609 63.87615 63.87621 63.87626 63.87632 63.87637 63.87643 63.87649 63.87654 63.87660 63.87666 63.87671 63.87677 63.87682 63.87688 63.87693 63.87699 63.87705 63.87710 63.87716 63.87722 63.87727 63.87733 63.87738 63.87744 63.87749 63.87755 63.87761 63.87766 63.87772 63.87777 63.87783 63.87788 63.87794 63.87799 63.87804 63.87810 63.87815 63.87821 63.87827 63.87832 63.87838 63.87843 63.87849 63.87854 63.87859 63.87865 63.87870 63.87876 63.87881 63.87887 63.87892 63.87897 63.87903 63.87909 63.87914 63.87919
63.87411 63.87417 63.87423 63.87429 63.87434 63.87440 63.87445 63.87451 63.87457 63.87463 63.87468 63.87474 63.87479 63.87485 63.87491 63.87496 63.87502 63.87508 63.87513 63.87519 63.87524 63.87530 63.87535 63.87541 63.87547 63.87552 63.87558 63.87564 63.87569 63.87575 63.87580 63.87586 63.87591 63.87597 63.87602 63.87608 63.87613 63.87619 63.87624 63.87630 63.87635 63.87641 63.87646 63.87652 63.87658 63.87663 63.87669 63.87674 63.87680 63.87685 63.87690 63.87696 63.87701 63.87707 63.87712 63.87718 63.87723 63.87729 63.87734 63.87740 63.87745 63.87750 63.87756
