output/Latitude__calculated.asc
NCOLS        229
NROWS        293
XLLCORNER       -123.653
YLLCORNER         63.844
CELLSIZE          0.003
NODATA_VALUE     -9999.    
[rows 140 to 167 of 293, columns 63 to 125 of 229]
64.09818 64.09824 64.09830 64.09837 64.09843 64.09849 64.09855 64.09860 64.09866 64.09872 64.09879 64.09885 64.09891 64.09896 64.09902 64.09908 64.09914 64.09921 64.09926 64.09932 64.09938 64.09944 64.09949 64.09956 64.09962 64.09968 64.09973 64.09979 64.09985 64.09991 64.09997 64.10003 64.10009 64.10014 64.10020 64.10027 64.10033 64.10038 64.10044 64.10050 64.10056 64.10062 64.10067 64.10073 64.10079 64.10085 64.10091 64.10097 64.10102 64.10108 64.10114 64.10120 64.10126 64.10131 64.10137 64.10143 64.10149 64.10154 64.10160 64.10166 64.10172 64.10178 64.10183
64.09654 64.09660 64.09666 64.09673 64.09679 64.09684 64.09690 64.09696 64.09702 64.09708 64.09715 64.09721 64.09726 64.09732 64.09738 64.09744 64.09750 64.09756 64.09762 64.09768 64.09774 64.09779 64.09785 64.09792 64.09798 64.09803 64.09809 64.09815 64.09821 64.09827 64.09833 64.09839 64.09845 64.09850 64.09856 64.09863 64.09868 64.09874 64.09880 64.09885 64.09892 64.09898 64.09903 64.09909 64.09915 64.09921 64.09927 64.09932 64.09938 64.09944 64.09949 64.09956 64.09961 64.09967 64.09973 64.09978 64.09985 64.09990 64.09996 64.10001 64.10007 64.10013 64.10019
64.09490 64.09496 64.09502 64.09509 64.09514 64.09520 64.09526 64.09532 64.09538 64.09544 64.09550 64.09556 64.09562 64.09568 64.09574 64.09580 64.09586 64.09592 64.09598 64.09604 64.09610 64.09615 64.09621 64.09628 64.09634 64.09639 64.09645 64.09651 64.09657 64.09663 64.09669 64.09675 64.09680 64.09686 64.09692 64.09698 64.09704 64.09710 64.09715 64.09721 64.09727 64.09733 64.09739 64.09745 64.09750 64.09756 64.09763 64.09768 64.09774 64.09779 64.09785 64.09792 64.09797 64.09803 64.09808 64.09814 64.09820 64.09826 64.09832 64.09837 64.09843 64.09849 64.09855
64.09326 64.09332 64.09338 64.09344 64.09350 64.09356 64.09362 64.09368 64.09374 64.09380 64.09386 64.09392 64.09398 64.09404 64.09410 64.09415 64.09422 64.09428 64.09434 64.09440 64.09445 64.09451 64.09457 64.09464 64.09469 64.09475 64.09481 64.09487 64.09492 64.09499 64.09505 64.09510 64.09516 64.09522 64.09528 64.09534 64.09540 64.09546 64.09551 64.09557 64.09563 64.09569 64.09575 64.09580 64.09586 64.09592 64.09598 64.09604 64.09610 64.09615 64.09621 64.09627 64.09633 64.09639 64.09644 64.09650 64.09656 64.09662 64.09667 64.09673 64.09679 64.09685 64.09690
64.09162 64.09167 64.09174 64.09180 64.09186 64.09192 64.09198 64.09204 64.09209 64.09216 64.09222 64.09228 64.09234 64.09240 64.09245 64.09251 64.09258 64.09264 64.09270 64.09275 64.09281 64.09287 64.09293 64.09299 64.09305 64.09311 64.09317 64.09322 64.09328 64.09335 64.09340 64.09346 64.09352 64.09358 64.09364 64.09370 64.09376 64.09381 64.09387 64.09393 64.09399 64.09405 64.09411 64.09416 64.09422 64.09428 64.09434 64.09440 64.09445 64.09451 64.09457 64.09463 64.09469 64.09474 64.09480 64.09486 64.09492 64.09498 64.09503 64.09509 64.09515 64.09521 64.09526
64.08997 64.09003 64.09010 64.09016 64.09022 64.09028 64.09034 64.09039 64.09045 64.09052 64.09058 64.09064 64.09070 64.09075 64.09081 64.09087 64.09093 64.09100 64.09105 64.09111 64.09117 64.09123 64.09129 64.09135 64.09141 64.09147 64.09152 64.09158 64.09164 64.09171 64.09176 64.09182 64.09188 64.09193 64.09200 64.09206 64.09211 64.09217 64.09223 64.09229 64.09235 64.09241 64.09246 64.09252 64.09258 64.09264 64.09270 64.09276 64.09281 64.09287 64.09293 64.09299 64.09304 64.09310 64.09316 64.09322 64.09328 64.09333 64.09339 64.09344 64.09351 64.09356 64.09362
64.08833 64.08839 64.08846 64.08852 64.08858 64.08864 64.08869 64.08875 64.08881 64.08887 64.08894 64.08900 64.08905 64.08911 64.08917 64.08923 64.08929 64.08935 64.08941 64.08947 64.08953 64.08958 64.08965 64.08971 64.08977 64.08982 64.08988 64.08994 64.09000 64.09006 64.09012 64.09018 64.09024 64.09029 64.09035 64.09042 64.09047 64.09053 64.09059 64.09064 64.09071 64.09077 64.09082 64.09088 64.09093 64.09100 64.09106 64.09111 64.09117 64.09123 64.09129 64.09135 64.09140 64.09146 64.09151 64.09158 64.09164 64.09169 64.09175 64.09180 64.09187 64.09192 64.09198
64.08669 64.08675 64.08681 64.08688 64.08693 64.08699 64.08705 64.08711 64.08717 64.08723 64.08730 64.08735 64.08741 64.08747 64.08753 64.08759 64.08765 64.08771 64.08777 64.08783 64.08789 64.08794 64.08801 64.08807 64.08813 64.08818 64.08824 64.08830 64.08836 64.08842 64.08848 64.08854 64.08859 64.08865 64.08871 64.08877 64.08883 64.08889 64.08894 64.08900 64.08907 64.08912 64.08918 64.08924 64.08929 64.08936 64.08942 64.08947 64.08953 64.08958 64.08965 64.08971 64.08976 64.08982 64.08987 64.08994 64.08999 64.09005 64.09010 64.09016 64.09023 64.09028 64.09034
64.08505 64.08511 64.08517 64.08523 64.08529 64.08535 64.08541 64.08547 64.08553 64.08559 64.08565 64.08571 64.08577 64.08583 64.08589 64.08595 64.08601 64.08607 64.08613 64.08619 64.08624 64.08630 64.08636 64.08643 64.08648 64.08654 64.08660 64.08666 64.08672 64.08678 64.08684 64.08689 64.08695 64.08701 64.08707 64.08713 64.08719 64.08725 64.08730 64.08736 64.08743 64.08748 64.08754 64.08759 64.08765 64.08772 64.08777 64.08783 64.08789 64.08794 64.08801 64.08806 64.08812 64.08817 64.08823 64.08829 64.08835 64.08841 64.08846 64.08852 64.08858 64.08864 64.08869
64.08341 64.08347 64.08353 64.08359 64.08365 64.08371 64.08377 64.08383 64.08389 64.08395 64.08401 64.08407 64.08413 64.08419 64.08424 64.08430 64.08437 64.08443 64.08449 64.08454 64.08460 64.08466 64.08472 64.08478 64.08484 64.08490 64.08496 64.08501 64.08508 64.08514 64.08520 64.08525 64.08531 64.08537 64.08543 64.08549 64.08555 64.08560 64.08566 64.08572 64.08578 64.08584 64.08590 64.08595 64.08601 64.08607 64.08613 64.08619 64.08624 64.08630 64.08636 64.08642 64.08648 64.08653 64.08659 64.08665 64.08671 64.08677 64.08682 64.08688 64.08694 64.08700 64.08705
64.08176 64.08183 64.08189 64.08195 64.08201 64.08207 64.08213 64.08219 64.08224 64.08231 64.08237 64.08243 64.08249 64.08255 64.08260 64.08266 64.08273 64.08279 64.08284 64.08290 64.08296 64.08302 64.08308 64.08314 64.08320 64.08326 64.08332 64.08337 64.08344 64.08350 64.08355 64.08361 64.08367 64.08372 64.08379 64.08385 64.08391 64.08396 64.08402 64.08408 64.08414 64.08420 64.08425 64.08431 64.08437 64.08443 64.08449 64.08455 64.08460 64.08466 64.08472 64.08478 64.08484 64.08489 64.08495 64.08501 64.08507 64.08512 64.08518 64.08524 64.08530 64.08536 64.08541
64.08012 64.08018 64.08025 64.08031 64.08037 64.08043 64.08049 64.08054 64.08060 64.08067 64.08073 64.08079 64.08085 64.08090 64.08096 64.08102 64.08109 64.08115 64.08120 64.08126 64.08132 64.08138 64.08144 64.08150 64.08156 64.08162 64.08167 64.08173 64.08179 64.08186 64.08191 64.08197 64.08203 64.08208 64.08215 64.08221 64.08226 64.08232 64.08238 64.08244 64.08250 64.08256 64.08261 64.08267 64.08273 64.08279 64.08285 64.08290 64.08296 64.08302 64.08308 64.08314 64.08319 64.08325 64.08331 64.08337 64.08343 64.08348 64.08354 64.08360 64.08366 64.08371 64.08377
64.07848 64.07854 64.07861 64.07867 64.07873 64.07879 64.07884 64.07890 64.07896 64.07903 64.07909 64.07915 64.07920 64.07926 64.07932 64.07938 64.07944 64.07950 64.07956 64.07962 64.07968 64.07973 64.07980 64.07986 64.07992 64.07997 64.08003 64.08009 64.08015 64.08021 64.08027 64.08033 64.08038 64.08044 64.08051 64.08057 64.08062 64.08068 64.08074 64.08080 64.08086 64.08092 64.08097 64.08103 64.08109 64.08115 64.08121 64.08126 64.08132 64.08138 64.08144 64.08150 64.08155 64.08161 64.08167 64.08173 64.08178 64.08184 64.08190 64.08195 64.08202 64.08207 64.08213
64.07684 64.07690 64.07697 64.07703 64.07709 64.07714 64.07720 64.07726 64.07732 64.07738 64.07745 64.07750 64.07756 64.07762 64.07768 64.07774 64.07780 64.07786 64.07792 64.07798 64.07804 64.07809 64.07816 64.07822 64.07828 64.07833 64.07839 64.07845 64.07851 64.07857 64.07863 64.07869 64.07874 64.07880 64.07887 64.07892 64.07898 64.07904 64.07909 64.07915 64.07922 64.07927 64.07933 64.07939 64.07944 64.07951 64.07956 64.07962 64.07968 64.07973 64.07980 64.07985 64.07991 64.07997 64.08002 64.08009 64.08014 64.08020 64.08025 64.08031 64.08037 64.08043 64.08049
64.07520 64.07526 64.07533 64.07539 64.07544 64.07550 64.07556 64.07562 64.07568 64.07574 64.07580 64.07586 64.07592 64.07598 64.07604 64.07610 64.07616 64.07622 64.07628 64.07634 64.07639 64.07645 64.07652 64.07658 64.07663 64.07669 64.07675 64.07681 64.07687 64.07693 64.07699 64.07704 64.07710 64.07716 64.07722 64.07728 64.07734 64.07740 64.07745 64.07751 64.07758 64.07763 64.07769 64.07774 64.07780 64.07787 64.07792 64.07798 64.07804 64.07809 64.07816 64.07821 64.07827 64.07832 64.07838 64.07845 64.07850 64.07856 64.07861 64.07867 64.07873 64.07879 64.07884
64.07356 64.07362 64.07368 64.07374 64.07380 64.07386 64.07392 64.07398 64.07404 64.07410 64.07416 64.07422 64.07428 64.07434 64.07440 64.07446 64.07452 64.07458 64.07464 64.07470 64.07475 64.07481 64.07487 64.07494 64.07499 64.07505 64.07511 64.07517 64.07523 64.07529 64.07535 64.07540 64.07546 64.07552 64.07558 64.07564 64.07570 64.07575 64.07581 64.07587 64.07593 64.07599 64.07605 64.07610 64.07616 64.07623 64.07628 64.07634 64.07639 64.07645 64.07652 64.07657 64.07663 64.07668 64.07674 64.07680 64.07686 64.07692 64.07697 64.07703 64.07709 64.07715 64.07720
64.07192 64.07198 64.07204 64.07210 64.07216 64.07222 64.07228 64.07234 64.07240 64.07246 64.07252 64.07258 64.07264 64.07270 64.07275 64.07281 64.07288 64.07294 64.07300 64.07305 64.07311 64.07317 64.07323 64.07329 64.07335 64.07341 64.07347 64.07352 64.07359 64.07365 64.07371 64.07376 64.07382 64.07388 64.07394 64.07400 64.07406 64.07411 64.07417 64.07423 64.07429 64.07435 64.07441 64.07446 64.07452 64.07458 64.07464 64.07470 64.07475 64.07481 64.07487 64.07493 64.07499 64.07504 64.07510 64.07516 64.07522 64.07527 64.07533 64.07539 64.07545 64.07551 64.07556
64.07028 64.07034 64.07040 64.07046 64.07052 64.07058 64.07064 64.07070 64.07076 64.07082 64.07088 64.07094 64.07100 64.07106 64.07111 64.07117 64.07124 64.07130 64.07136 64.07141 64.07147 64.07153 64.07159 64.07165 64.07171 64.07177 64.07183 64.07188 64.07195 64.07201 64.07206 64.07212 64.07218 64.07224 64.07230 64.07236 64.07242 64.07247 64.07253 64.07259 64.07265 64.07271 64.07276 64.07282 64.07288 64.07294 64.07300 64.07306 64.07311 64.07317 64.07323 64.07329 64.07335 64.07340 64.07346 64.07352 64.07358 64.07363 64.07369 64.07375 64.07381 64.07386 64.07392
64.06864 64.06870 64.06876 64.06882 64.06888 64.06894 64.06900 64.06906 64.06911 64.06918 64.06924 64.06930 64.06936 64.06941 64.06947 64.06953 64.06960 64.06966 64.06971 64.06977 64.06983 64.06989 64.06995 64.07001 64.07007 64.07013 64.07018 64.07024 64.07030 64.07037 64.07042 64.07048 64.07054 64.07059 64.07066 64.07072 64.07077 64.07083 64.07089 64.07095 64.07101 64.07107 64.07112 64.07118 64.07124 64.07130 64.07136 64.07141 64.07147 64.07153 64.07159 64.07165 64.07170 64.07176 64.07182 64.07188 64.07194 64.07199 64.07205 64.07211 64.07217 64.07222 64.07228
64.06699 64.06705 64.06712 64.06718 64.06724 64.06730 64.06736 64.06741 64.06747 64.06754 64.06760 64.06766 64.06772 64.06777 64.06783 64.06789 64.06796 64.06802 64.06807 64.06813 64.06819 64.06825 64.06831 64.06837 64.06843 64.06849 64.06854 64.06860 64.06866 64.06872 64.06878 64.06884 64.06890 64.06895 64.06902 64.06908 64.06913 64.06919 64.06925 64.06931 64.06937 64.06943 64.06948 64.06954 64.06960 64.06966 64.06972 64.06977 64.06983 64.06989 64.06995 64.07001 64.07006 64.07012 64.07018 64.07024 64.07030 64.07035 64.07041 64.07047 64.07053 64.07058 64.07064
64.06535 64.06541 64.06548 64.06554 64.06560 64.06566 64.06572 64.06577 64.06583 64.06590 64.06596 64.06602 64.06607 64.06613 64.06619 64.06625 64.06631 64.06637 64.06643 64.06649 64.06655 64.06661 64.06667 64.06673 64.06679 64.06685 64.06690 64.06696 64.06702 64.06708 64.06714 64.06720 64.06725 64.06731 64.06738 64.06744 64.06749 64.06755 64.06761 64.06767 64.06773 64.06778 64.06784 64.06790 64.06796 64.06802 64.06808 64.06813 64.06819 64.06824 64.06831 64.06837 64.06842 64.06848 64.06853 64.06860 64.06865 64.06871 64.06876 64.06882 64.06889 64.06894 64.06900
64.06371 64.06377 64.06384 64.06390 64.06396 64.06402 64.06407 64.06413 64.06419 64.06425 64.06432 64.06438 64.06443 64.06449 64.06455 64.06461 64.06467 64.06473 64.06479 64.06485 64.06491 64.06496 64.06503 64.06509 64.06515 64.06520 64.06526 64.06532 64.06538 64.06544 64.06550 64.06556 64.06561 64.06567 64.06573 64.06579 64.06585 64.06591 64.06596 64.06602 64.06609 64.06614 64.06620 64.06626 64.06631 64.06638 64.06644 64.06649 64.06655 64.06660 64.06667 64.06672 64.06678 64.06684 64.06689 64.06696 64.06701 64.06707 64.06712 64.06718 64.06724 64.06730 64.06735
64.06207 64.06213 64.06219 64.06226 64.06232 64.06238 64.06243 64.06249 64.06255 64.06261 64.06268 64.06274 64.06279 64.06285 64.06291 64.06297 64.06303 64.06309 64.06315 64.06321 64.06327 64.06332 64.06339 64.06345 64.06351 64.06356 64.06362 64.06368 64.06374 64.06380 64.06386 64.06392 64.06397 64.06403 64.06409 64.06415 64.06421 64.06427 64.06432 64.06438 64.06445 64.06450 64.06456 64.06462 64.06467 64.06474 64.06479 64.06485 64.06491 64.06496 64.06503 64.06508 64.06514 64.06520 64.06525 64.06532 64.06537 64.06543 64.06548 64.06554 64.06560 64.06566 64.06571
64.06043 64.06049 64.06055 64.06062 64.06068 64.06073 64.06079 64.06085 64.06091 64.06097 64.06104 64.06109 64.06115 64.06121 64.06127 64.06133 64.06139 64.06145 64.06151 64.06157 64.06163 64.06168 64.06174 64.06181 64.06187 64.06192 64.06198 64.06204 64.06210 64.06216 64.06222 64.06228 64.06233 64.06239 64.06245 64.06251 64.06257 64.06263 64.06268 64.06274 64.06281 64.06286 64.06292 64.06297 64.06303 64.06310 64.06315 64.06321 64.06327 64.06332 64.06339 64.06344 64.06350 64.06355 64.06361 64.06367 64.06373 64.06379 64.06384 64.06390 64.06396 64.06402 64.06407
64.05879 64.05885 64.05891 64.05898 64.05904 64.05909 64.05915 64.05921 64.05927 64.05933 64.05939 64.05945 64.05951 64.05957 64.05963 64.05969 64.05975 64.05981 64.05987 64.05993 64.05998 64.06004 64.06010 64.06017 64.06022 64.06028 64.06034 64.06040 64.06046 64.06052 64.06058 64.06063 64.06069 64.06075 64.06081 64.06087 64.06093 64.06099 64.06104 64.06110 64.06116 64.06122 64.06128 64.06133 64.06139 64.06145 64.06151 64.06157 64.06162 64.06168 64.06174 64.06180 64.06186 64.06191 64.06197 64.06203 64.06209 64.06215 64.06220 64.06226 64.06232 64.06238 64.06243
64.05715 64.05721 64.05727 64.05733 64.05739 64.05745 64.05751 64.05757 64.05763 64.05769 64.05775 64.05781 64.05787 64.05793 64.05799 64.05805 64.05811 64.05817 64.05823 64.05829 64.05834 64.05840 64.05846 64.05853 64.05858 64.05864 64.05870 64.05876 64.05882 64.05888 64.05894 64.05899 64.05905 64.05911 64.05917 64.05923 64.05929 64.05934 64.05940 64.05946 64.05952 64.05958 64.05964 64.05969 64.05975 64.05981 64.05987 64.05993 64.05998 64.06004 64.06010 64.06016 64.06022 64.06027 64.06033 64.06039 64.06045 64.06050 64.06056 64.06062 64.06068 64.06074 64.06079
64.05551 64.05557 64.05563 64.05569 64.05575 64.05581 64.05587 64.05593 64.05599 64.05605 64.05611 64.05617 64.05623 64.05629 64.05635 64.05640 64.05647 64.05653 64.05659 64.05665 64.05670 64.05676 64.05682 64.05688 64.05694 64.05700 64.05706 64.05712 64.05717 64.05724 64.05730 64.05735 64.05741 64.05747 64.05753 64.05759 64.05765 64.05770 64.05776 64.05782 64.05788 64.05794 64.05800 64.05805 64.05811 64.05817 64.05823 64.05829 64.05834 64.05840 64.05846 64.05852 64.05858 64.05863 64.05869 64.05875 64.05881 64.05886 64.05892 64.05898 64.05904 64.05910 64.05915
64.05387 64.05393 64.05399 64.05405 64.05411 64.05417 64.05423 64.05429 64.05435 64.05441 64.05447 64.05453 64.05459 64.05465 64.05471 64.05476 64.05482 64.05489 64.05495 64.05501 64.05506 64.05512 64.05518 64.05524 64.05530 64.05536 64.05542 64.05547 64.05553 64.05560 64.05566 64.05571 64.05577 64.05583 64.05589 64.05595 64.05601 64.05606 64.05612 64.05618 64.05624 64.05630 64.05636 64.05641 64.05647 64.05653 64.05659 64.05665 64.05670 64.05676 64.05682 64.05688 64.05694 64.05699 64.05705 64.05711 64.05717 64.05722 64.05728 64.05733 64.05740 64.05745 64.05751
