output/Latitude__calculated.asc
NCOLS        229
NROWS        293
XLLCORNER       -123.653
YLLCORNER         63.844
CELLSIZE          0.003
NODATA_VALUE     -9999.    
[rows 56 to 83 of 293, columns 0 to 62 of 229]
64.23239 64.23245 64.23252 64.23258 64.23264 64.23271 64.23277 64.23283 64.23289 64.23296 64.23302 64.23309 64.23315 64.23322 64.23328 64.23334 64.23340 64.23346 64.23353 64.23359 64.23365 64.23371 64.23377 64.23384 64.23390 64.23396 64.23402 64.23409 64.23415 64.23421 64.23428 64.23434 64.23440 64.23446 64.23452 64.23458 64.23464 64.23470 64.23476 64.23483 64.23489 64.23495 64.23502 64.23508 64.23514 64.23520 64.23526 64.23532 64.23538 64.23544 64.23550 64.23557 64.23563 64.23569 64.23575 64.23581 64.23587 64.23593 64.23599 64.23605 64.23611 64.23618 64.23623
64.23074 64.23081 64.23087 64.23093 64.23100 64.23106 64.23112 64.23119 64.23125 64.23132 64.23138 64.23144 64.23151 64.23157 64.23163 64.23169 64.23175 64.23182 64.23188 64.23194 64.23200 64.23206 64.23213 64.23219 64.23225 64.23232 64.23238 64.23244 64.23251 64.23257 64.23263 64.23269 64.23275 64.23281 64.23287 64.23293 64.23299 64.23306 64.23312 64.23318 64.23325 64.23331 64.23337 64.23343 64.23349 64.23355 64.23361 64.23367 64.23373 64.23380 64.23386 64.23392 64.23398 64.23404 64.23410 64.23416 64.23422 64.23428 64.23434 64.23441 64.23447 64.23453 64.23459
64.22910 64.22916 64.22923 64.22929 64.22935 64.22942 64.22948 64.22955 64.22961 64.22967 64.22973 64.22980 64.22986 64.22992 64.22998 64.23004 64.23011 64.23017 64.23023 64.23029 64.23035 64.23042 64.23048 64.23055 64.23061 64.23067 64.23073 64.23080 64.23086 64.23092 64.23098 64.23104 64.23110 64.23116 64.23122 64.23129 64.23135 64.23141 64.23148 64.23154 64.23160 64.23166 64.23172 64.23178 64.23184 64.23190 64.23196 64.23203 64.23209 64.23215 64.23221 64.23227 64.23233 64.23239 64.23245 64.23251 64.23257 64.23264 64.23270 64.23276 64.23282 64.23288 64.23294
64.22746 64.22752 64.22758 64.22765 64.22771 64.22777 64.22784 64.22790 64.22796 64.22802 64.22809 64.22815 64.22821 64.22827 64.22834 64.22840 64.22846 64.22852 64.22858 64.22865 64.22871 64.22878 64.22884 64.22890 64.22896 64.22903 64.22909 64.22915 64.22921 64.22927 64.22933 64.22939 64.22945 64.22952 64.22958 64.22964 64.22971 64.22977 64.22983 64.22989 64.22995 64.23001 64.23007 64.23013 64.23019 64.23026 64.23032 64.23038 64.23044 64.23051 64.23057 64.23063 64.23069 64.23074 64.23080 64.23087 64.23093 64.23099 64.23105 64.23111 64.23117 64.23123 64.23129
64.22581 64.22587 64.22594 64.22600 64.22606 64.22613 64.22619 64.22625 64.22631 64.22638 64.22644 64.22650 64.22656 64.22663 64.22669 64.22675 64.22681 64.22688 64.22694 64.22701 64.22707 64.22713 64.22719 64.22725 64.22732 64.22738 64.22744 64.22750 64.22756 64.22762 64.22768 64.22775 64.22781 64.22787 64.22794 64.22800 64.22806 64.22812 64.22818 64.22824 64.22830 64.22836 64.22843 64.22849 64.22855 64.22861 64.22868 64.22874 64.22880 64.22886 64.22892 64.22898 64.22904 64.22910 64.22916 64.22923 64.22929 64.22935 64.22941 64.22947 64.22952 64.22958 64.22964
64.22416 64.22423 64.22429 64.22435 64.22442 64.22448 64.22454 64.22460 64.22467 64.22473 64.22479 64.22485 64.22492 64.22498 64.22504 64.22511 64.22517 64.22523 64.22530 64.22536 64.22542 64.22548 64.22555 64.22561 64.22567 64.22573 64.22579 64.22585 64.22592 64.22598 64.22604 64.22610 64.22617 64.22623 64.22629 64.22635 64.22641 64.22647 64.22654 64.22660 64.22666 64.22672 64.22678 64.22684 64.22691 64.22697 64.22703 64.22709 64.22715 64.22721 64.22727 64.22733 64.22739 64.22746 64.22752 64.22758 64.22764 64.22770 64.22776 64.22782 64.22788 64.22794 64.22800
64.22252 64.22258 64.22264 64.22271 64.22277 64.22283 64.22289 64.22296 64.22302 64.22308 64.22314 64.22321 64.22327 64.22334 64.22340 64.22346 64.22353 64.22359 64.22365 64.22371 64.22378 64.22384 64.22390 64.22396 64.22402 64.22408 64.22414 64.22421 64.22427 64.22433 64.22440 64.22446 64.22452 64.22458 64.22464 64.22471 64.22477 64.22483 64.22489 64.22495 64.22501 64.22507 64.22514 64.22520 64.22526 64.22532 64.22538 64.22544 64.22550 64.22556 64.22562 64.22569 64.22575 64.22581 64.22587 64.22593 64.22599 64.22605 64.22611 64.22617 64.22623 64.22630 64.22636
64.22087 64.22093 64.22100 64.22106 64.22112 64.22118 64.22125 64.22131 64.22137 64.22144 64.22150 64.22157 64.22163 64.22169 64.22176 64.22182 64.22188 64.22194 64.22200 64.22207 64.22213 64.22219 64.22225 64.22231 64.22237 64.22244 64.22250 64.22256 64.22263 64.22269 64.22275 64.22281 64.22288 64.22294 64.22300 64.22306 64.22312 64.22318 64.22324 64.22330 64.22337 64.22343 64.22349 64.22355 64.22361 64.22367 64.22373 64.22379 64.22386 64.22392 64.22398 64.22404 64.22411 64.22417 64.22422 64.22428 64.22434 64.22440 64.22446 64.22453 64.22459 64.22465 64.22471
64.21922 64.21929 64.21935 64.21941 64.21947 64.21954 64.21960 64.21967 64.21973 64.21980 64.21986 64.21992 64.21998 64.22005 64.22011 64.22017 64.22023 64.22030 64.22036 64.22042 64.22048 64.22054 64.22060 64.22067 64.22073 64.22079 64.22086 64.22092 64.22098 64.22104 64.22111 64.22117 64.22123 64.22129 64.22135 64.22141 64.22147 64.22153 64.22160 64.22166 64.22172 64.22179 64.22185 64.22191 64.22197 64.22203 64.22209 64.22215 64.22221 64.22227 64.22234 64.22240 64.22246 64.22252 64.22258 64.22264 64.22270 64.22276 64.22282 64.22289 64.22295 64.22300 64.22306
64.21758 64.21764 64.21770 64.21777 64.21783 64.21790 64.21796 64.21803 64.21809 64.21815 64.21821 64.21828 64.21834 64.21840 64.21846 64.21852 64.21859 64.21865 64.21871 64.21877 64.21883 64.21890 64.21896 64.21902 64.21909 64.21915 64.21921 64.21927 64.21934 64.21940 64.21946 64.21952 64.21958 64.21964 64.21970 64.21976 64.21983 64.21989 64.21996 64.22002 64.22008 64.22014 64.22020 64.22026 64.22032 64.22038 64.22044 64.22050 64.22057 64.22063 64.22069 64.22075 64.22081 64.22087 64.22093 64.22099 64.22105 64.22112 64.22118 64.22124 64.22130 64.22136 64.22142
64.21593 64.21600 64.21606 64.21613 64.21619 64.21625 64.21632 64.21638 64.21644 64.21650 64.21657 64.21663 64.21669 64.21675 64.21681 64.21688 64.21694 64.21700 64.21706 64.21712 64.21719 64.21725 64.21732 64.21738 64.21744 64.21750 64.21757 64.21763 64.21769 64.21775 64.21781 64.21787 64.21793 64.21799 64.21806 64.21812 64.21819 64.21825 64.21831 64.21837 64.21843 64.21849 64.21855 64.21861 64.21867 64.21873 64.21880 64.21886 64.21892 64.21898 64.21904 64.21910 64.21916 64.21922 64.21928 64.21935 64.21941 64.21947 64.21953 64.21959 64.21965 64.21971 64.21977
64.21429 64.21436 64.21442 64.21448 64.21454 64.21461 64.21467 64.21473 64.21479 64.21486 64.21492 64.21498 64.21504 64.21511 64.21517 64.21523 64.21529 64.21535 64.21542 64.21548 64.21555 64.21561 64.21567 64.21573 64.21580 64.21586 64.21592 64.21598 64.21604 64.21610 64.21616 64.21623 64.21629 64.21635 64.21642 64.21648 64.21654 64.21660 64.21666 64.21672 64.21678 64.21684 64.21690 64.21697 64.21703 64.21709 64.21716 64.21722 64.21728 64.21734 64.21740 64.21746 64.21752 64.21758 64.21764 64.21770 64.21777 64.21783 64.21788 64.21794 64.21800 64.21806 64.21812
64.21265 64.21271 64.21277 64.21283 64.21290 64.21296 64.21302 64.21308 64.21315 64.21321 64.21327 64.21333 64.21340 64.21346 64.21352 64.21358 64.21365 64.21371 64.21378 64.21384 64.21390 64.21396 64.21403 64.21409 64.21415 64.21421 64.21427 64.21433 64.21440 64.21446 64.21452 64.21458 64.21465 64.21471 64.21477 64.21483 64.21489 64.21495 64.21502 64.21508 64.21514 64.21520 64.21526 64.21532 64.21539 64.21545 64.21551 64.21557 64.21563 64.21569 64.21575 64.21581 64.21587 64.21593 64.21600 64.21606 64.21612 64.21618 64.21624 64.21630 64.21636 64.21642 64.21648
64.21100 64.21106 64.21112 64.21119 64.21125 64.21131 64.21138 64.21144 64.21150 64.21156 64.21163 64.21169 64.21175 64.21181 64.21188 64.21194 64.21201 64.21207 64.21213 64.21219 64.21226 64.21232 64.21238 64.21244 64.21250 64.21256 64.21263 64.21269 64.21275 64.21281 64.21288 64.21294 64.21300 64.21306 64.21313 64.21319 64.21325 64.21331 64.21337 64.21343 64.21349 64.21355 64.21362 64.21368 64.21374 64.21380 64.21386 64.21392 64.21398 64.21404 64.21410 64.21416 64.21423 64.21429 64.21435 64.21441 64.21447 64.21453 64.21459 64.21465 64.21471 64.21478 64.21484
64.20935 64.20942 64.20948 64.20954 64.20960 64.20967 64.20973 64.20979 64.20985 64.20992 64.20998 64.21004 64.21011 64.21017 64.21024 64.21030 64.21036 64.21042 64.21049 64.21055 64.21061 64.21067 64.21073 64.21079 64.21086 64.21092 64.21098 64.21104 64.21111 64.21117 64.21123 64.21130 64.21136 64.21142 64.21148 64.21154 64.21160 64.21166 64.21172 64.21178 64.21185 64.21191 64.21197 64.21203 64.21209 64.21215 64.21222 64.21228 64.21234 64.21240 64.21246 64.21252 64.21259 64.21265 64.21271 64.21276 64.21282 64.21288 64.21294 64.21301 64.21307 64.21313 64.21319
64.20771 64.20777 64.20783 64.20789 64.20796 64.20802 64.20808 64.20815 64.20821 64.20827 64.20834 64.20840 64.20847 64.20853 64.20859 64.20865 64.20872 64.20878 64.20884 64.20890 64.20896 64.20902 64.20909 64.20915 64.20921 64.20927 64.20934 64.20940 64.20946 64.20953 64.20959 64.20965 64.20971 64.20977 64.20983 64.20989 64.20995 64.21001 64.21008 64.21014 64.21021 64.21027 64.21033 64.21039 64.21045 64.21051 64.21057 64.21063 64.21069 64.21075 64.21082 64.21088 64.21094 64.21100 64.21106 64.21112 64.21118 64.21124 64.21130 64.21136 64.21143 64.21149 64.21154
64.20606 64.20612 64.20618 64.20625 64.20631 64.20638 64.20644 64.20650 64.20657 64.20663 64.20670 64.20676 64.20682 64.20688 64.20694 64.20701 64.20707 64.20713 64.20719 64.20725 64.20732 64.20738 64.20744 64.20750 64.20757 64.20763 64.20770 64.20776 64.20782 64.20788 64.20794 64.20800 64.20806 64.20812 64.20818 64.20825 64.20831 64.20837 64.20844 64.20850 64.20856 64.20862 64.20868 64.20874 64.20880 64.20886 64.20892 64.20898 64.20905 64.20911 64.20917 64.20923 64.20929 64.20935 64.20941 64.20947 64.20953 64.20959 64.20966 64.20972 64.20978 64.20984 64.20990
64.20441 64.20448 64.20454 64.20461 64.20467 64.20473 64.20480 64.20486 64.20492 64.20499 64.20505 64.20511 64.20517 64.20524 64.20530 64.20536 64.20542 64.20548 64.20555 64.20561 64.20567 64.20573 64.20580 64.20586 64.20592 64.20599 64.20605 64.20611 64.20617 64.20623 64.20629 64.20636 64.20642 64.20648 64.20654 64.20660 64.20667 64.20673 64.20679 64.20685 64.20691 64.20697 64.20703 64.20709 64.20715 64.20721 64.20728 64.20734 64.20741 64.20747 64.20753 64.20759 64.20765 64.20771 64.20776 64.20782 64.20789 64.20795 64.20801 64.20807 64.20813 64.20819 64.20825
64.20277 64.20284 64.20290 64.20296 64.20303 64.20309 64.20315 64.20322 64.20328 64.20334 64.20340 64.20346 64.20353 64.20359 64.20365 64.20371 64.20378 64.20384 64.20390 64.20396 64.20403 64.20409 64.20415 64.20422 64.20428 64.20434 64.20440 64.20446 64.20453 64.20459 64.20465 64.20471 64.20477 64.20483 64.20490 64.20496 64.20502 64.20508 64.20514 64.20521 64.20527 64.20533 64.20539 64.20545 64.20551 64.20557 64.20564 64.20570 64.20576 64.20582 64.20588 64.20594 64.20600 64.20606 64.20612 64.20618 64.20625 64.20631 64.20637 64.20643 64.20649 64.20654 64.20660
64.20113 64.20119 64.20126 64.20132 64.20138 64.20144 64.20151 64.20157 64.20163 64.20169 64.20176 64.20182 64.20188 64.20194 64.20201 64.20207 64.20213 64.20219 64.20226 64.20232 64.20238 64.20245 64.20251 64.20257 64.20263 64.20269 64.20276 64.20282 64.20288 64.20294 64.20300 64.20306 64.20312 64.20319 64.20325 64.20332 64.20338 64.20344 64.20350 64.20356 64.20362 64.20368 64.20374 64.20380 64.20387 64.20393 64.20399 64.20405 64.20411 64.20417 64.20423 64.20429 64.20435 64.20441 64.20448 64.20454 64.20460 64.20466 64.20472 64.20478 64.20484 64.20490 64.20496
64.19948 64.19955 64.19961 64.19967 64.19974 64.19980 64.19986 64.19992 64.19999 64.20005 64.20011 64.20017 64.20023 64.20030 64.20036 64.20042 64.20049 64.20055 64.20061 64.20068 64.20074 64.20080 64.20086 64.20093 64.20099 64.20105 64.20111 64.20117 64.20123 64.20129 64.20135 64.20142 64.20148 64.20155 64.20161 64.20167 64.20173 64.20179 64.20185 64.20191 64.20197 64.20203 64.20210 64.20216 64.20222 64.20229 64.20235 64.20241 64.20247 64.20253 64.20259 64.20265 64.20271 64.20277 64.20284 64.20289 64.20295 64.20301 64.20307 64.20313 64.20319 64.20325 64.20332
64.19784 64.19790 64.19796 64.19803 64.19809 64.19815 64.19821 64.19828 64.19834 64.19840 64.19846 64.19853 64.19859 64.19865 64.19872 64.19878 64.19884 64.19891 64.19897 64.19903 64.19909 64.19916 64.19922 64.19928 64.19934 64.19940 64.19946 64.19952 64.19959 64.19965 64.19971 64.19978 64.19984 64.19990 64.19996 64.20002 64.20008 64.20014 64.20021 64.20027 64.20033 64.20039 64.20045 64.20052 64.20058 64.20064 64.20070 64.20076 64.20082 64.20088 64.20094 64.20100 64.20107 64.20113 64.20119 64.20125 64.20131 64.20137 64.20143 64.20149 64.20155 64.20161 64.20167
64.19619 64.19625 64.19632 64.19638 64.19644 64.19651 64.19657 64.19663 64.19669 64.19676 64.19682 64.19688 64.19695 64.19701 64.19707 64.19714 64.19720 64.19726 64.19732 64.19739 64.19745 64.19751 64.19757 64.19763 64.19769 64.19776 64.19782 64.19788 64.19794 64.19801 64.19807 64.19813 64.19819 64.19826 64.19832 64.19838 64.19844 64.19850 64.19856 64.19862 64.19868 64.19875 64.19881 64.19887 64.19893 64.19899 64.19905 64.19911 64.19917 64.19923 64.19930 64.19936 64.19942 64.19948 64.19954 64.19960 64.19966 64.19972 64.19978 64.19984 64.19991 64.19997 64.20003
64.19455 64.19461 64.19467 64.19473 64.19480 64.19486 64.19492 64.19498 64.19505 64.19511 64.19518 64.19524 64.19530 64.19537 64.19543 64.19549 64.19555 64.19562 64.19568 64.19574 64.19580 64.19586 64.19593 64.19599 64.19605 64.19611 64.19617 64.19624 64.19630 64.19636 64.19643 64.19649 64.19655 64.19661 64.19667 64.19673 64.19679 64.19685 64.19691 64.19698 64.19704 64.19710 64.19717 64.19723 64.19729 64.19735 64.19741 64.19747 64.19753 64.19759 64.19765 64.19772 64.19778 64.19784 64.19790 64.19796 64.19802 64.19807 64.19814 64.19820 64.19826 64.19832 64.19838
64.19290 64.19296 64.19303 64.19309 64.19315 64.19321 64.19328 64.19334 64.19341 64.19347 64.19353 64.19360 64.19366 64.19372 64.19378 64.19385 64.19391 64.19397 64.19403 64.19409 64.19416 64.19422 64.19428 64.19434 64.19440 64.19447 64.19453 64.19460 64.19466 64.19472 64.19478 64.19484 64.19490 64.19496 64.19502 64.19508 64.19515 64.19521 64.19527 64.19534 64.19540 64.19546 64.19552 64.19558 64.19564 64.19570 64.19576 64.19582 64.19588 64.19595 64.19601 64.19607 64.19613 64.19619 64.19625 64.19631 64.19637 64.19643 64.19650 64.19656 64.19662 64.19668 64.19674
64.19125 64.19132 64.19138 64.19144 64.19151 64.19157 64.19164 64.19170 64.19176 64.19183 64.19189 64.19195 64.19201 64.19208 64.19214 64.19220 64.19226 64.19232 64.19239 64.19245 64.19251 64.19257 64.19263 64.19270 64.19276 64.19283 64.19289 64.19295 64.19301 64.19307 64.19313 64.19319 64.19326 64.19332 64.19338 64.19344 64.19350 64.19357 64.19363 64.19369 64.19375 64.19381 64.19387 64.19393 64.19399 64.19405 64.19411 64.19418 64.19424 64.19430 64.19436 64.19442 64.19448 64.19454 64.19460 64.19466 64.19473 64.19479 64.19485 64.19491 64.19497 64.19503 64.19509
64.18961 64.18967 64.18974 64.18980 64.18987 64.18993 64.18999 64.19006 64.19012 64.19018 64.19024 64.19031 64.19037 64.19043 64.19049 64.19055 64.19062 64.19068 64.19074 64.19080 64.19086 64.19093 64.19099 64.19106 64.19112 64.19118 64.19124 64.19130 64.19137 64.19143 64.19149 64.19155 64.19161 64.19167 64.19173 64.19180 64.19186 64.19192 64.19198 64.19205 64.19211 64.19217 64.19223 64.19229 64.19235 64.19241 64.19247 64.19254 64.19260 64.19266 64.19272 64.19278 64.19284 64.19290 64.19296 64.19302 64.19308 64.19315 64.19321 64.19327 64.19332 64.19338 64.19344
64.18797 64.18803 64.18810 64.18816 64.18822 64.18829 64.18835 64.18841 64.18847 64.18854 64.18860 64.18866 64.18872 64.18878 64.18885 64.18891 64.18897 64.18903 64.18909 64.18916 64.18922 64.18929 64.18935 64.18941 64.18947 64.18954 64.18960 64.18966 64.18972 64.18978 64.18984 64.18990 64.18996 64.19003 64.19009 64.19016 64.19022 64.19028 64.19034 64.19040 64.19046 64.19052 64.19058 64.19064 64.19070 64.19077 64.19083 64.19089 64.19095 64.19101 64.19107 64.19113 64.19119 64.19125 64.19131 64.19138 64.19144 64.19150 64.19156 64.19162 64.19168 64.19174 64.19180
