output/Longitude__calculated.asc
NCOLS        229
NROWS        293
XLLCORNER       -123.653
YLLCORNER         63.844
CELLSIZE          0.003
NODATA_VALUE     -9999.    
[rows 156 to 181 of 293, columns 60 to 119 of 229]
-123.4802 -123.4776 -123.4751 -123.4725 -123.4699 -123.4673 -123.4647 -123.4621 -123.4595 -123.4569 -123.4543 -123.4517 -123.4491 -123.4465 -123.4439 -123.4413 -123.4387 -123.4361 -123.4335 -123.4309 -123.4283 -123.4257 -123.4231 -123.4205 -123.4179 -123.4153 -123.4127 -123.4101 -123.4075 -123.4049 -123.4023 -123.3997 -123.3971 -123.3945 -123.3919 -123.3893 -123.3867 -123.3841 -123.3815 -123.3789 -123.3763 -123.3737 -123.3711 -123.3685 -123.3659 -123.3633 -123.3607 -123.3582 -123.3556 -123.3530 -123.3504 -123.3478 -123.3452 -123.3426 -123.3400 -123.3374 -123.3348 -123.3322 -123.3296 -123.3270
-123.4801 -123.4776 -123.4750 -123.4724 -123.4698 -123.4672 -123.4646 -123.4620 -123.4594 -123.4568 -123.4542 -123.4516 -123.4490 -123.4464 -123.4438 -123.4412 -123.4386 -123.4360 -123.4334 -123.4308 -123.4282 -123.4256 -123.4230 -123.4204 -123.4178 -123.4152 -123.4126 -123.4100 -123.4074 -123.4048 -123.4022 -123.3996 -123.3970 -123.3944 -123.3918 -123.3892 -123.3866 -123.3840 -123.3814 -123.3788 -123.3762 -123.3736 -123.3710 -123.3685 -123.3659 -123.3633 -123.3607 -123.3581 -123.3555 -123.3529 -123.3503 -123.3477 -123.3451 -123.3425 -123.3399 -123.3373 -123.3347 -123.3321 -123.3295 -123.3269
-123.4801 -123.4775 -123.4749 -123.4723 -123.4697 -123.4671 -123.4645 -123.4619 -123.4593 -123.4567 -123.4541 -123.4515 -123.4489 -123.4463 -123.4437 -123.4411 -123.4385 -123.4359 -123.4333 -123.4307 -123.4281 -123.4255 -123.4229 -123.4203 -123.4177 -123.4151 -123.4125 -123.4099 -123.4073 -123.4047 -123.4021 -123.3995 -123.3969 -123.3943 -123.3917 -123.3891 -123.3865 -123.3839 -123.3813 -123.3788 -123.3762 -123.3736 -123.3710 -123.3684 -123.3658 -123.3632 -123.3606 -123.3580 -123.3554 -123.3528 -123.3502 -123.3476 -123.3450 -123.3424 -123.3398 -123.3372 -123.3346 -123.3320 -123.3294 -123.3268
-123.4800 -123.4774 -123.4748 -123.4722 -123.4696 -123.4670 -123.4644 -123.4618 -123.4592 -123.4566 -123.4540 -123.4514 -123.4488 -123.4462 -123.4436 -123.4410 -123.4384 -123.4358 -123.4332 -123.4306 -123.4280 -123.4254 -123.4228 -123.4202 -123.4176 -123.4150 -123.4124 -123.4098 -123.4072 -123.4046 -123.4020 -123.3994 -123.3968 -123.3942 -123.3916 -123.3890 -123.3865 -123.3839 -123.3813 -123.3787 -123.3761 -123.3735 -123.3709 -123.3683 -123.3657 -123.3631 -123.3605 -123.3579 -123.3553 -123.3527 -123.3501 -123.3475 -123.3449 -123.3423 -123.3397 -123.3371 -123.3345 -123.3319 -123.3293 -123.3267
-123.4799 -123.4773 -123.4747 -123.4721 -123.4695 -123.4669 -123.4643 -123.4617 -123.4591 -123.4565 -123.4539 -123.4513 -123.4487 -123.4461 -123.4435 -123.4409 -123.4383 -123.4357 -123.4331 -123.4305 -123.4279 -123.4253 -123.4227 -123.4201 -123.4175 -123.4149 -123.4123 -123.4097 -123.4071 -123.4045 -123.4019 -123.3993 -123.3968 -123.3941 -123.3916 -123.3890 -123.3864 -123.3838 -123.3812 -123.3786 -123.3760 -123.3734 -123.3708 -123.3682 -123.3656 -123.3630 -123.3604 -123.3578 -123.3552 -123.3526 -123.3500 -123.3474 -123.3448 -123.3422 -123.3396 -123.3370 -123.3344 -123.3318 -123.3292 -123.3266
-123.4798 -123.4772 -123.4746 -123.4720 -123.4694 -123.4668 -123.4642 -123.4616 -123.4590 -123.4564 -123.4538 -123.4512 -123.4486 -123.4460 -123.4434 -123.4408 -123.4382 -123.4356 -123.4330 -123.4304 -123.4278 -123.4252 -123.4226 -123.4200 -123.4174 -123.4148 -123.4122 -123.4096 -123.4070 -123.4044 -123.4018 -123.3993 -123.3967 -123.3941 -123.3915 -123.3889 -123.3863 -123.3837 -123.3811 -123.3785 -123.3759 -123.3733 -123.3707 -123.3681 -123.3655 -123.3629 -123.3603 -123.3577 -123.3551 -123.3525 -123.3499 -123.3473 -123.3447 -123.3421 -123.3395 -123.3369 -123.3343 -123.3317 -123.3291 -123.3265
-123.4797 -123.4771 -123.4745 -123.4719 -123.4693 -123.4667 -123.4641 -123.4615 -123.4589 -123.4563 -123.4537 -123.4511 -123.4485 -123.4459 -123.4433 -123.4407 -123.4381 -123.4355 -123.4329 -123.4303 -123.4277 -123.4251 -123.4225 -123.4199 -123.4173 -123.4147 -123.4121 -123.4095 -123.4070 -123.4044 -123.4018 -123.3992 -123.3966 -123.3940 -123.3914 -123.3888 -123.3862 -123.3836 -123.3810 -123.3784 -123.3758 -123.3732 -123.3706 -123.3680 -123.3654 -123.3628 -123.3602 -123.3576 -123.3550 -123.3524 -123.3498 -123.3472 -123.3446 -123.3420 -123.3394 -123.3368 -123.3342 -123.3316 -123.3290 -123.3264
-123.4796 -123.4770 -123.4744 -123.4718 -123.4692 -123.4666 -123.4640 -123.4614 -123.4588 -123.4562 -123.4536 -123.4510 -123.4484 -123.4458 -123.4432 -123.4406 -123.4380 -123.4354 -123.4328 -123.4302 -123.4276 -123.4250 -123.4224 -123.4198 -123.4172 -123.4146 -123.4121 -123.4095 -123.4069 -123.4043 -123.4017 -123.3991 -123.3965 -123.3939 -123.3913 -123.3887 -123.3861 -123.3835 -123.3809 -123.3783 -123.3757 -123.3731 -123.3705 -123.3679 -123.3653 -123.3627 -123.3601 -123.3575 -123.3549 -123.3523 -123.3497 -123.3471 -123.3445 -123.3419 -123.3393 -123.3367 -123.3341 -123.3315 -123.3289 -123.3263
-123.4795 -123.4769 -123.4743 -123.4717 -123.4691 -123.4665 -123.4639 -123.4613 -123.4587 -123.4561 -123.4535 -123.4509 -123.4483 -123.4457 -123.4431 -123.4405 -123.4379 -123.4353 -123.4327 -123.4301 -123.4275 -123.4249 -123.4223 -123.4198 -123.4172 -123.4146 -123.4120 -123.4094 -123.4068 -123.4042 -123.4016 -123.3990 -123.3964 -123.3938 -123.3912 -123.3886 -123.3860 -123.3834 -123.3808 -123.3782 -123.3756 -123.3730 -123.3704 -123.3678 -123.3652 -123.3626 -123.3600 -123.3574 -123.3548 -123.3522 -123.3496 -123.3470 -123.3444 -123.3418 -123.3392 -123.3366 -123.3340 -123.3314 -123.3288 -123.3262
-123.4794 -123.4768 -123.4742 -123.4716 -123.4690 -123.4664 -123.4638 -123.4612 -123.4586 -123.4560 -123.4534 -123.4508 -123.4482 -123.4456 -123.4430 -123.4404 -123.4378 -123.4352 -123.4326 -123.4300 -123.4274 -123.4249 -123.4223 -123.4197 -123.4171 -123.4145 -123.4119 -123.4093 -123.4067 -123.4041 -123.4015 -123.3989 -123.3963 -123.3937 -123.3911 -123.3885 -123.3859 -123.3833 -123.3807 -123.3781 -123.3755 -123.3729 -123.3703 -123.3677 -123.3651 -123.3625 -123.3599 -123.3573 -123.3547 -123.3521 -123.3495 -123.3469 -123.3443 -123.3417 -123.3391 -123.3365 -123.3340 -123.3314 -123.3288 -123.3262
-123.4793 -123.4767 -123.4741 -123.4715 -123.4689 -123.4663 -123.4637 -123.4611 -123.4585 -123.4559 -123.4533 -123.4507 -123.4481 -123.4455 -123.4429 -123.4403 -123.4377 -123.4351 -123.4325 -123.4300 -123.4274 -123.4248 -123.4222 -123.4196 -123.4170 -123.4144 -123.4118 -123.4092 -123.4066 -123.4040 -123.4014 -123.3988 -123.3962 -123.3936 -123.3910 -123.3884 -123.3858 -123.3832 -123.3806 -123.3780 -123.3754 -123.3728 -123.3702 -123.3676 -123.3650 -123.3624 -123.3598 -123.3572 -123.3546 -123.3520 -123.3494 -123.3468 -123.3442 -123.3417 -123.3391 -123.3365 -123.3339 -123.3313 -123.3287 -123.3261
-123.4792 -123.4766 -123.4740 -123.4714 -123.4688 -123.4662 -123.4636 -123.4610 -123.4584 -123.4558 -123.4532 -123.4506 -123.4480 -123.4454 -123.4428 -123.4402 -123.4376 -123.4351 -123.4325 -123.4299 -123.4273 -123.4247 -123.4221 -123.4195 -123.4169 -123.4143 -123.4117 -123.4091 -123.4065 -123.4039 -123.4013 -123.3987 -123.3961 -123.3935 -123.3909 -123.3883 -123.3857 -123.3831 -123.3805 -123.3779 -123.3753 -123.3727 -123.3701 -123.3675 -123.3649 -123.3623 -123.3597 -123.3571 -123.3545 -123.3519 -123.3493 -123.3468 -123.3442 -123.3416 -123.3390 -123.3364 -123.3338 -123.3312 -123.3286 -123.3260
-123.4791 -123.4765 -123.4739 -123.4713 -123.4687 -123.4661 -123.4635 -123.4609 -123.4583 -123.4557 -123.4531 -123.4505 -123.4479 -123.4453 -123.4427 -123.4401 -123.4376 -123.4350 -123.4324 -123.4298 -123.4272 -123.4246 -123.4220 -123.4194 -123.4168 -123.4142 -123.4116 -123.4090 -123.4064 -123.4038 -123.4012 -123.3986 -123.3960 -123.3934 -123.3908 -123.3882 -123.3856 -123.3830 -123.3804 -123.3778 -123.3752 -123.3726 -123.3700 -123.3674 -123.3648 -123.3622 -123.3596 -123.3570 -123.3545 -123.3519 -123.3493 -123.3467 -123.3441 -123.3415 -123.3389 -123.3363 -123.3337 -123.3311 -123.3285 -123.3259
-123.4790 -123.4764 -123.4738 -123.4712 -123.4686 -123.4660 -123.4634 -123.4608 -123.4582 -123.4556 -123.4530 -123.4504 -123.4478 -123.4453 -123.4426 -123.4401 -123.4375 -123.4349 -123.4323 -123.4297 -123.4271 -123.4245 -123.4219 -123.4193 -123.4167 -123.4141 -123.4115 -123.4089 -123.4063 -123.4037 -123.4011 -123.3985 -123.3959 -123.3933 -123.3907 -123.3881 -123.3855 -123.3829 -123.3803 -123.3777 -123.3751 -123.3725 -123.3699 -123.3673 -123.3647 -123.3622 -123.3596 -123.3570 -123.3544 -123.3518 -123.3492 -123.3466 -123.3440 -123.3414 -123.3388 -123.3362 -123.3336 -123.3310 -123.3284 -123.3258
-123.4789 -123.4763 -123.4737 -123.4711 -123.4685 -123.4659 -123.4633 -123.4607 -123.4581 -123.4555 -123.4529 -123.4503 -123.4478 -123.4452 -123.4426 -123.4400 -123.4374 -123.4348 -123.4322 -123.4296 -123.4270 -123.4244 -123.4218 -123.4192 -123.4166 -123.4140 -123.4114 -123.4088 -123.4062 -123.4036 -123.4010 -123.3984 -123.3958 -123.3932 -123.3906 -123.3880 -123.3854 -123.3828 -123.3802 -123.3776 -123.3750 -123.3724 -123.3699 -123.3673 -123.3647 -123.3621 -123.3595 -123.3569 -123.3543 -123.3517 -123.3491 -123.3465 -123.3439 -123.3413 -123.3387 -123.3361 -123.3335 -123.3309 -123.3283 -123.3257
-123.4788 -123.4762 -123.4736 -123.4710 -123.4684 -123.4658 -123.4632 -123.4606 -123.4580 -123.4554 -123.4529 -123.4503 -123.4477 -123.4451 -123.4425 -123.4399 -123.4373 -123.4347 -123.4321 -123.4295 -123.4269 -123.4243 -123.4217 -123.4191 -123.4165 -123.4139 -123.4113 -123.4087 -123.4061 -123.4035 -123.4009 -123.3983 -123.3957 -123.3931 -123.3905 -123.3879 -123.3853 -123.3827 -123.3801 -123.3775 -123.3750 -123.3724 -123.3698 -123.3672 -123.3646 -123.3620 -123.3594 -123.3568 -123.3542 -123.3516 -123.3490 -123.3464 -123.3438 -123.3412 -123.3386 -123.3360 -123.3334 -123.3308 -123.3282 -123.3256
-123.4787 -123.4761 -123.4735 -123.4709 -123.4683 -123.4657 -123.4631 -123.4605 -123.4579 -123.4554 -123.4528 -123.4502 -123.4476 -123.4450 -123.4424 -123.4398 -123.4372 -123.4346 -123.4320 -123.4294 -123.4268 -123.4242 -123.4216 -123.4190 -123.4164 -123.4138 -123.4112 -123.4086 -123.4060 -123.4034 -123.4008 -123.3982 -123.3956 -123.3930 -123.3904 -123.3878 -123.3852 -123.3826 -123.3801 -123.3775 -123.3749 -123.3723 -123.3697 -123.3671 -123.3645 -123.3619 -123.3593 -123.3567 -123.3541 -123.3515 -123.3489 -123.3463 -123.3437 -123.3411 -123.3385 -123.3359 -123.3333 -123.3307 -123.3281 -123.3255
-123.4786 -123.4760 -123.4734 -123.4708 -123.4682 -123.4656 -123.4631 -123.4604 -123.4579 -123.4553 -123.4527 -123.4501 -123.4475 -123.4449 -123.4423 -123.4397 -123.4371 -123.4345 -123.4319 -123.4293 -123.4267 -123.4241 -123.4215 -123.4189 -123.4163 -123.4137 -123.4111 -123.4085 -123.4059 -123.4033 -123.4007 -123.3981 -123.3955 -123.3929 -123.3903 -123.3877 -123.3852 -123.3826 -123.3800 -123.3774 -123.3748 -123.3722 -123.3696 -123.3670 -123.3644 -123.3618 -123.3592 -123.3566 -123.3540 -123.3514 -123.3488 -123.3462 -123.3436 -123.3410 -123.3384 -123.3358 -123.3332 -123.3306 -123.3280 -123.3254
-123.4785 -123.4759 -123.4733 -123.4707 -123.4681 -123.4655 -123.4630 -123.4604 -123.4578 -123.4552 -123.4526 -123.4500 -123.4474 -123.4448 -123.4422 -123.4396 -123.4370 -123.4344 -123.4318 -123.4292 -123.4266 -123.4240 -123.4214 -123.4188 -123.4162 -123.4136 -123.4110 -123.4084 -123.4058 -123.4032 -123.4006 -123.3980 -123.3954 -123.3928 -123.3903 -123.3877 -123.3851 -123.3825 -123.3799 -123.3773 -123.3747 -123.3721 -123.3695 -123.3669 -123.3643 -123.3617 -123.3591 -123.3565 -123.3539 -123.3513 -123.3487 -123.3461 -123.3435 -123.3409 -123.3383 -123.3357 -123.3331 -123.3305 -123.3279 -123.3253
-123.4784 -123.4758 -123.4732 -123.4706 -123.4680 -123.4655 -123.4629 -123.4603 -123.4577 -123.4551 -123.4525 -123.4499 -123.4473 -123.4447 -123.4421 -123.4395 -123.4369 -123.4343 -123.4317 -123.4291 -123.4265 -123.4239 -123.4213 -123.4187 -123.4161 -123.4135 -123.4109 -123.4083 -123.4057 -123.4031 -123.4005 -123.3979 -123.3954 -123.3928 -123.3902 -123.3876 -123.3850 -123.3824 -123.3798 -123.3772 -123.3746 -123.3720 -123.3694 -123.3668 -123.3642 -123.3616 -123.3590 -123.3564 -123.3538 -123.3512 -123.3486 -123.3460 -123.3434 -123.3408 -123.3382 -123.3356 -123.3330 -123.3304 -123.3278 -123.3252
-123.4783 -123.4757 -123.4731 -123.4706 -123.4680 -123.4654 -123.4628 -123.4602 -123.4576 -123.4550 -123.4524 -123.4498 -123.4472 -123.4446 -123.4420 -123.4394 -123.4368 -123.4342 -123.4316 -123.4290 -123.4264 -123.4238 -123.4212 -123.4186 -123.4160 -123.4134 -123.4108 -123.4082 -123.4056 -123.4030 -123.4005 -123.3979 -123.3953 -123.3927 -123.3901 -123.3875 -123.3849 -123.3823 -123.3797 -123.3771 -123.3745 -123.3719 -123.3693 -123.3667 -123.3641 -123.3615 -123.3589 -123.3563 -123.3537 -123.3511 -123.3485 -123.3459 -123.3433 -123.3407 -123.3381 -123.3355 -123.3329 -123.3303 -123.3278 -123.3252
-123.4782 -123.4756 -123.4731 -123.4705 -123.4679 -123.4653 -123.4627 -123.4601 -123.4575 -123.4549 -123.4523 -123.4497 -123.4471 -123.4445 -123.4419 -123.4393 -123.4367 -123.4341 -123.4315 -123.4289 -123.4263 -123.4237 -123.4211 -123.4185 -123.4159 -123.4133 -123.4107 -123.4081 -123.4055 -123.4030 -123.4004 -123.3978 -123.3952 -123.3926 -123.3900 -123.3874 -123.3848 -123.3822 -123.3796 -123.3770 -123.3744 -123.3718 -123.3692 -123.3666 -123.3640 -123.3614 -123.3588 -123.3562 -123.3536 -123.3510 -123.3484 -123.3458 -123.3432 -123.3406 -123.3380 -123.3354 -123.3329 -123.3303 -123.3277 -123.3251
-123.4781 -123.4756 -123.4730 -123.4704 -123.4678 -123.4652 -123.4626 -123.4600 -123.4574 -123.4548 -123.4522 -123.4496 -123.4470 -123.4444 -123.4418 -123.4392 -123.4366 -123.4340 -123.4314 -123.4288 -123.4262 -123.4236 -123.4210 -123.4184 -123.4158 -123.4132 -123.4107 -123.4081 -123.4055 -123.4029 -123.4003 -123.3977 -123.3951 -123.3925 -123.3899 -123.3873 -123.3847 -123.3821 -123.3795 -123.3769 -123.3743 -123.3717 -123.3691 -123.3665 -123.3639 -123.3613 -123.3587 -123.3561 -123.3535 -123.3509 -123.3483 -123.3457 -123.3431 -123.3406 -123.3380 -123.3354 -123.3328 -123.3302 -123.3276 -123.3250
-123.4781 -123.4755 -123.4729 -123.4703 -123.4677 -123.4651 -123.4625 -123.4599 -123.4573 -123.4547 -123.4521 -123.4495 -123.4469 -123.4443 -123.4417 -123.4391 -123.4365 -123.4339 -123.4313 -123.4287 -123.4261 -123.4235 -123.4209 -123.4183 -123.4157 -123.4132 -123.4106 -123.4080 -123.4054 -123.4028 -123.4002 -123.3976 -123.3950 -123.3924 -123.3898 -123.3872 -123.3846 -123.3820 -123.3794 -123.3768 -123.3742 -123.3716 -123.3690 -123.3664 -123.3638 -123.3612 -123.3586 -123.3560 -123.3534 -123.3508 -123.3483 -123.3456 -123.3431 -123.3405 -123.3379 -123.3353 -123.3327 -123.3301 -123.3275 -123.3249
-123.4780 -123.4754 -123.4728 -123.4702 -123.4676 -123.4650 -123.4624 -123.4598 -123.4572 -123.4546 -123.4520 -123.4494 -123.4468 -123.4442 -123.4416 -123.4390 -123.4364 -123.4338 -123.4312 -123.4286 -123.4260 -123.4234 -123.4208 -123.4183 -123.4157 -123.4131 -123.4105 -123.4079 -123.4053 -123.4027 -123.4001 -123.3975 -123.3949 -123.3923 -123.3897 -123.3871 -123.3845 -123.3819 -123.3793 -123.3767 -123.3741 -123.3715 -123.3689 -123.3663 -123.3637 -123.3611 -123.3585 -123.3559 -123.3533 -123.3508 -123.3482 -123.3456 -123.3430 -123.3404 -123.3378 -123.3352 -123.3326 -123.3300 -123.3274 -123.3248
-123.4779 -123.4753 -123.4727 -123.4701 -123.4675 -123.4649 -123.4623 -123.4597 -123.4571 -123.4545 -123.4519 -123.4493 -123.4467 -123.4441 -123.4415 -123.4389 -123.4363 -123.4337 -123.4311 -123.4285 -123.4259 -123.4233 -123.4208 -123.4182 -123.4156 -123.4130 -123.4104 -123.4078 -123.4052 -123.4026 -123.4000 -123.3974 -123.3948 -123.3922 -123.3896 -123.3870 -123.3844 -123.3818 -123.3792 -123.3766 -123.3740 -123.3714 -123.3688 -123.3662 -123.3636 -123.3610 -123.3585 -123.3559 -123.3533 -123.3507 -123.3481 -123.3455 -123.3429 -123.3403 -123.3377 -123.3351 -123.3325 -123.3299 -123.3273 -123.3247
