output/Longitude__calculated.asc
NCOLS        229
NROWS        293
XLLCORNER       -123.653
YLLCORNER         63.844
CELLSIZE          0.003
NODATA_VALUE     -9999.    
[rows 182 to 207 of 293, columns 0 to 59 of 229]
-123.6335 -123.6309 -123.6283 -123.6257 -123.6231 -123.6205 -123.6179 -123.6153 -123.6127 -123.6101 -123.6076 -123.6050 -123.6024 -123.5998 -123.5972 -123.5946 -123.5920 -123.5894 -123.5868 -123.5842 -123.5816 -123.5790 -123.5764 -123.5738 -123.5712 -123.5686 -123.5660 -123.5634 -123.5608 -123.5582 -123.5556 -123.5530 -123.5504 -123.5479 -123.5453 -123.5427 -123.5401 -123.5375 -123.5349 -123.5323 -123.5297 -123.5271 -123.5245 -123.5219 -123.5193 -123.5167 -123.5141 -123.5115 -123.5089 -123.5063 -123.5037 -123.5011 -123.4985 -123.4959 -123.4933 -123.4907 -123.4882 -123.4856 -123.4830 -123.4804
-123.6334 -123.6308 -123.6282 -123.6256 -123.6230 -123.6204 -123.6178 -123.6152 -123.6126 -123.6100 -123.6075 -123.6049 -123.6023 -123.5997 -123.5971 -123.5945 -123.5919 -123.5893 -123.5867 -123.5841 -123.5815 -123.5789 -123.5763 -123.5737 -123.5711 -123.5685 -123.5659 -123.5633 -123.5607 -123.5581 -123.5555 -123.5529 -123.5504 -123.5478 -123.5452 -123.5426 -123.5400 -123.5374 -123.5348 -123.5322 -123.5296 -123.5270 -123.5244 -123.5218 -123.5192 -123.5166 -123.5140 -123.5114 -123.5088 -123.5062 -123.5036 -123.5010 -123.4984 -123.4958 -123.4932 -123.4907 -123.4881 -123.4855 -123.4829 -123.4803
-123.6333 -123.6307 -123.6281 -123.6255 -123.6229 -123.6203 -123.6177 -123.6151 -123.6125 -123.6099 -123.6074 -123.6048 -123.6022 -123.5996 -123.5970 -123.5944 -123.5918 -123.5892 -123.5866 -123.5840 -123.5814 -123.5788 -123.5762 -123.5736 -123.5710 -123.5684 -123.5658 -123.5632 -123.5606 -123.5580 -123.5554 -123.5528 -123.5503 -123.5477 -123.5451 -123.5425 -123.5399 -123.5373 -123.5347 -123.5321 -123.5295 -123.5269 -123.5243 -123.5217 -123.5191 -123.5165 -123.5139 -123.5113 -123.5087 -123.5061 -123.5035 -123.5009 -123.4983 -123.4958 -123.4931 -123.4906 -123.4880 -123.4854 -123.4828 -123.4802
-123.6332 -123.6306 -123.6280 -123.6254 -123.6228 -123.6202 -123.6176 -123.6150 -123.6124 -123.6098 -123.6073 -123.6047 -123.6021 -123.5995 -123.5969 -123.5943 -123.5917 -123.5891 -123.5865 -123.5839 -123.5813 -123.5787 -123.5761 -123.5735 -123.5709 -123.5683 -123.5657 -123.5631 -123.5605 -123.5579 -123.5553 -123.5527 -123.5502 -123.5476 -123.5450 -123.5424 -123.5398 -123.5372 -123.5346 -123.5320 -123.5294 -123.5268 -123.5242 -123.5216 -123.5190 -123.5164 -123.5138 -123.5112 -123.5086 -123.5060 -123.5034 -123.5008 -123.4982 -123.4957 -123.4931 -123.4905 -123.4879 -123.4853 -123.4827 -123.4801
-123.6331 -123.6305 -123.6279 -123.6253 -123.6227 -123.6201 -123.6175 -123.6149 -123.6123 -123.6097 -123.6072 -123.6046 -123.6020 -123.5994 -123.5968 -123.5942 -123.5916 -123.5890 -123.5864 -123.5838 -123.5812 -123.5786 -123.5760 -123.5734 -123.5708 -123.5682 -123.5656 -123.5630 -123.5604 -123.5578 -123.5553 -123.5527 -123.5501 -123.5475 -123.5449 -123.5423 -123.5397 -123.5371 -123.5345 -123.5319 -123.5293 -123.5267 -123.5241 -123.5215 -123.5189 -123.5163 -123.5137 -123.5111 -123.5085 -123.5059 -123.5033 -123.5007 -123.4982 -123.4956 -123.4930 -123.4904 -123.4878 -123.4852 -123.4826 -123.4800
-123.6330 -123.6304 -123.6278 -123.6252 -123.6226 -123.6200 -123.6174 -123.6148 -123.6122 -123.6096 -123.6071 -123.6045 -123.6019 -123.5993 -123.5967 -123.5941 -123.5915 -123.5889 -123.5863 -123.5837 -123.5811 -123.5785 -123.5759 -123.5733 -123.5707 -123.5681 -123.5655 -123.5629 -123.5603 -123.5577 -123.5552 -123.5526 -123.5500 -123.5474 -123.5448 -123.5422 -123.5396 -123.5370 -123.5344 -123.5318 -123.5292 -123.5266 -123.5240 -123.5214 -123.5188 -123.5162 -123.5136 -123.5110 -123.5084 -123.5058 -123.5032 -123.5006 -123.4981 -123.4955 -123.4929 -123.4903 -123.4877 -123.4851 -123.4825 -123.4799
-123.6329 -123.6303 -123.6277 -123.6251 -123.6225 -123.6199 -123.6173 -123.6147 -123.6121 -123.6096 -123.6070 -123.6044 -123.6018 -123.5992 -123.5966 -123.5940 -123.5914 -123.5888 -123.5862 -123.5836 -123.5810 -123.5784 -123.5758 -123.5732 -123.5706 -123.5680 -123.5654 -123.5628 -123.5602 -123.5576 -123.5551 -123.5525 -123.5499 -123.5473 -123.5447 -123.5421 -123.5395 -123.5369 -123.5343 -123.5317 -123.5291 -123.5265 -123.5239 -123.5213 -123.5187 -123.5161 -123.5135 -123.5109 -123.5083 -123.5057 -123.5032 -123.5006 -123.4980 -123.4954 -123.4928 -123.4902 -123.4876 -123.4850 -123.4824 -123.4798
-123.6328 -123.6302 -123.6276 -123.6250 -123.6224 -123.6198 -123.6172 -123.6146 -123.6120 -123.6095 -123.6069 -123.6043 -123.6017 -123.5991 -123.5965 -123.5939 -123.5913 -123.5887 -123.5861 -123.5835 -123.5809 -123.5783 -123.5757 -123.5731 -123.5705 -123.5679 -123.5653 -123.5627 -123.5602 -123.5575 -123.5550 -123.5524 -123.5498 -123.5472 -123.5446 -123.5420 -123.5394 -123.5368 -123.5342 -123.5316 -123.5290 -123.5264 -123.5238 -123.5212 -123.5186 -123.5160 -123.5134 -123.5108 -123.5082 -123.5056 -123.5031 -123.5005 -123.4979 -123.4953 -123.4927 -123.4901 -123.4875 -123.4849 -123.4823 -123.4797
-123.6327 -123.6301 -123.6275 -123.6249 -123.6223 -123.6197 -123.6171 -123.6145 -123.6119 -123.6094 -123.6068 -123.6042 -123.6016 -123.5990 -123.5964 -123.5938 -123.5912 -123.5886 -123.5860 -123.5834 -123.5808 -123.5782 -123.5756 -123.5730 -123.5704 -123.5678 -123.5652 -123.5626 -123.5601 -123.5575 -123.5549 -123.5523 -123.5497 -123.5471 -123.5445 -123.5419 -123.5393 -123.5367 -123.5341 -123.5315 -123.5289 -123.5263 -123.5237 -123.5211 -123.5185 -123.5159 -123.5133 -123.5107 -123.5081 -123.5056 -123.5030 -123.5004 -123.4978 -123.4952 -123.4926 -123.4900 -123.4874 -123.4848 -123.4822 -123.4796
-123.6326 -123.6300 -123.6274 -123.6248 -123.6222 -123.6196 -123.6170 -123.6144 -123.6118 -123.6093 -123.6067 -123.6041 -123.6015 -123.5989 -123.5963 -123.5937 -123.5911 -123.5885 -123.5859 -123.5833 -123.5807 -123.5781 -123.5755 -123.5729 -123.5703 -123.5677 -123.5651 -123.5625 -123.5600 -123.5574 -123.5548 -123.5522 -123.5496 -123.5470 -123.5444 -123.5418 -123.5392 -123.5366 -123.5340 -123.5314 -123.5288 -123.5262 -123.5236 -123.5210 -123.5184 -123.5158 -123.5132 -123.5107 -123.5080 -123.5055 -123.5029 -123.5003 -123.4977 -123.4951 -123.4925 -123.4899 -123.4873 -123.4847 -123.4821 -123.4795
-123.6325 -123.6299 -123.6273 -123.6247 -123.6221 -123.6195 -123.6169 -123.6143 -123.6117 -123.6092 -123.6066 -123.6040 -123.6014 -123.5988 -123.5962 -123.5936 -123.5910 -123.5884 -123.5858 -123.5832 -123.5806 -123.5780 -123.5754 -123.5728 -123.5702 -123.5676 -123.5650 -123.5624 -123.5599 -123.5573 -123.5547 -123.5521 -123.5495 -123.5469 -123.5443 -123.5417 -123.5391 -123.5365 -123.5339 -123.5313 -123.5287 -123.5261 -123.5235 -123.5209 -123.5183 -123.5157 -123.5131 -123.5106 -123.5080 -123.5054 -123.5028 -123.5002 -123.4976 -123.4950 -123.4924 -123.4898 -123.4872 -123.4846 -123.4820 -123.4794
-123.6324 -123.6298 -123.6272 -123.6246 -123.6220 -123.6194 -123.6168 -123.6143 -123.6117 -123.6091 -123.6065 -123.6039 -123.6013 -123.5987 -123.5961 -123.5935 -123.5909 -123.5883 -123.5857 -123.5831 -123.5805 -123.5779 -123.5753 -123.5727 -123.5701 -123.5675 -123.5649 -123.5624 -123.5598 -123.5572 -123.5546 -123.5520 -123.5494 -123.5468 -123.5442 -123.5416 -123.5390 -123.5364 -123.5338 -123.5312 -123.5286 -123.5260 -123.5234 -123.5208 -123.5182 -123.5156 -123.5130 -123.5105 -123.5079 -123.5053 -123.5027 -123.5001 -123.4975 -123.4949 -123.4923 -123.4897 -123.4871 -123.4845 -123.4819 -123.4793
-123.6323 -123.6297 -123.6271 -123.6245 -123.6219 -123.6193 -123.6167 -123.6142 -123.6116 -123.6090 -123.6064 -123.6038 -123.6012 -123.5986 -123.5960 -123.5934 -123.5908 -123.5882 -123.5856 -123.5830 -123.5804 -123.5778 -123.5752 -123.5726 -123.5700 -123.5674 -123.5648 -123.5623 -123.5597 -123.5571 -123.5545 -123.5519 -123.5493 -123.5467 -123.5441 -123.5415 -123.5389 -123.5363 -123.5337 -123.5311 -123.5285 -123.5259 -123.5233 -123.5207 -123.5181 -123.5155 -123.5130 -123.5104 -123.5078 -123.5052 -123.5026 -123.5000 -123.4974 -123.4948 -123.4922 -123.4896 -123.4870 -123.4844 -123.4818 -123.4792
-123.6322 -123.6296 -123.6270 -123.6244 -123.6218 -123.6192 -123.6166 -123.6141 -123.6115 -123.6089 -123.6063 -123.6037 -123.6011 -123.5985 -123.5959 -123.5933 -123.5907 -123.5881 -123.5855 -123.5829 -123.5803 -123.5777 -123.5751 -123.5725 -123.5699 -123.5673 -123.5648 -123.5622 -123.5596 -123.5570 -123.5544 -123.5518 -123.5492 -123.5466 -123.5440 -123.5414 -123.5388 -123.5362 -123.5336 -123.5310 -123.5284 -123.5258 -123.5232 -123.5206 -123.5180 -123.5154 -123.5129 -123.5103 -123.5077 -123.5051 -123.5025 -123.4999 -123.4973 -123.4947 -123.4921 -123.4895 -123.4869 -123.4843 -123.4817 -123.4791
-123.6321 -123.6295 -123.6269 -123.6243 -123.6217 -123.6191 -123.6165 -123.6140 -123.6114 -123.6088 -123.6062 -123.6036 -123.6010 -123.5984 -123.5958 -123.5932 -123.5906 -123.5880 -123.5854 -123.5828 -123.5802 -123.5776 -123.5750 -123.5724 -123.5698 -123.5672 -123.5647 -123.5621 -123.5595 -123.5569 -123.5543 -123.5517 -123.5491 -123.5465 -123.5439 -123.5413 -123.5387 -123.5361 -123.5335 -123.5309 -123.5283 -123.5257 -123.5231 -123.5205 -123.5180 -123.5154 -123.5128 -123.5102 -123.5076 -123.5050 -123.5024 -123.4998 -123.4972 -123.4946 -123.4920 -123.4894 -123.4868 -123.4842 -123.4816 -123.4790
-123.6320 -123.6294 -123.6268 -123.6242 -123.6216 -123.6190 -123.6164 -123.6139 -123.6113 -123.6087 -123.6061 -123.6035 -123.6009 -123.5983 -123.5957 -123.5931 -123.5905 -123.5879 -123.5853 -123.5827 -123.5801 -123.5775 -123.5749 -123.5723 -123.5697 -123.5672 -123.5646 -123.5620 -123.5594 -123.5568 -123.5542 -123.5516 -123.5490 -123.5464 -123.5438 -123.5412 -123.5386 -123.5360 -123.5334 -123.5308 -123.5282 -123.5256 -123.5230 -123.5204 -123.5179 -123.5153 -123.5127 -123.5101 -123.5075 -123.5049 -123.5023 -123.4997 -123.4971 -123.4945 -123.4919 -123.4893 -123.4867 -123.4841 -123.4815 -123.4789
-123.6319 -123.6293 -123.6267 -123.6241 -123.6215 -123.6189 -123.6163 -123.6138 -123.6112 -123.6086 -123.6060 -123.6034 -123.6008 -123.5982 -123.5956 -123.5930 -123.5904 -123.5878 -123.5852 -123.5826 -123.5800 -123.5774 -123.5748 -123.5722 -123.5696 -123.5671 -123.5645 -123.5619 -123.5593 -123.5567 -123.5541 -123.5515 -123.5489 -123.5463 -123.5437 -123.5411 -123.5385 -123.5359 -123.5333 -123.5307 -123.5281 -123.5255 -123.5229 -123.5204 -123.5178 -123.5152 -123.5126 -123.5100 -123.5074 -123.5048 -123.5022 -123.4996 -123.4970 -123.4944 -123.4918 -123.4892 -123.4866 -123.4840 -123.4814 -123.4788
-123.6318 -123.6292 -123.6266 -123.6240 -123.6214 -123.6188 -123.6162 -123.6137 -123.6111 -123.6085 -123.6059 -123.6033 -123.6007 -123.5981 -123.5955 -123.5929 -123.5903 -123.5877 -123.5851 -123.5825 -123.5799 -123.5773 -123.5747 -123.5721 -123.5695 -123.5670 -123.5644 -123.5618 -123.5592 -123.5566 -123.5540 -123.5514 -123.5488 -123.5462 -123.5436 -123.5410 -123.5384 -123.5358 -123.5332 -123.5306 -123.5280 -123.5254 -123.5229 -123.5203 -123.5177 -123.5151 -123.5125 -123.5099 -123.5073 -123.5047 -123.5021 -123.4995 -123.4969 -123.4943 -123.4917 -123.4891 -123.4865 -123.4839 -123.4813 -123.4787
-123.6317 -123.6291 -123.6265 -123.6239 -123.6213 -123.6187 -123.6161 -123.6136 -123.6110 -123.6084 -123.6058 -123.6032 -123.6006 -123.5980 -123.5954 -123.5928 -123.5902 -123.5876 -123.5850 -123.5824 -123.5798 -123.5772 -123.5746 -123.5720 -123.5695 -123.5669 -123.5643 -123.5617 -123.5591 -123.5565 -123.5539 -123.5513 -123.5487 -123.5461 -123.5435 -123.5409 -123.5383 -123.5357 -123.5331 -123.5305 -123.5279 -123.5254 -123.5228 -123.5202 -123.5176 -123.5150 -123.5124 -123.5098 -123.5072 -123.5046 -123.5020 -123.4994 -123.4968 -123.4942 -123.4916 -123.4890 -123.4864 -123.4838 -123.4812 -123.4786
-123.6316 -123.6290 -123.6264 -123.6238 -123.6212 -123.6186 -123.6161 -123.6135 -123.6109 -123.6083 -123.6057 -123.6031 -123.6005 -123.5979 -123.5953 -123.5927 -123.5901 -123.5875 -123.5849 -123.5823 -123.5797 -123.5771 -123.5745 -123.5719 -123.5694 -123.5668 -123.5642 -123.5616 -123.5590 -123.5564 -123.5538 -123.5512 -123.5486 -123.5460 -123.5434 -123.5408 -123.5382 -123.5356 -123.5330 -123.5304 -123.5278 -123.5253 -123.5227 -123.5201 -123.5175 -123.5149 -123.5123 -123.5097 -123.5071 -123.5045 -123.5019 -123.4993 -123.4967 -123.4941 -123.4915 -123.4889 -123.4863 -123.4837 -123.4811 -123.4786
-123.6315 -123.6289 -123.6263 -123.6237 -123.6211 -123.6185 -123.6160 -123.6134 -123.6108 -123.6082 -123.6056 -123.6030 -123.6004 -123.5978 -123.5952 -123.5926 -123.5900 -123.5874 -123.5848 -123.5822 -123.5796 -123.5770 -123.5744 -123.5719 -123.5693 -123.5667 -123.5641 -123.5615 -123.5589 -123.5563 -123.5537 -123.5511 -123.5485 -123.5459 -123.5433 -123.5407 -123.5381 -123.5355 -123.5329 -123.5303 -123.5277 -123.5252 -123.5226 -123.5200 -123.5174 -123.5148 -123.5122 -123.5096 -123.5070 -123.5044 -123.5018 -123.4992 -123.4966 -123.4940 -123.4914 -123.4888 -123.4862 -123.4837 -123.4811 -123.4785
-123.6314 -123.6288 -123.6262 -123.6236 -123.6210 -123.6184 -123.6159 -123.6133 -123.6107 -123.6081 -123.6055 -123.6029 -123.6003 -123.5977 -123.5951 -123.5925 -123.5899 -123.5873 -123.5847 -123.5821 -123.5795 -123.5769 -123.5743 -123.5718 -123.5692 -123.5666 -123.5640 -123.5614 -123.5588 -123.5562 -123.5536 -123.5510 -123.5484 -123.5458 -123.5432 -123.5406 -123.5380 -123.5354 -123.5328 -123.5303 -123.5277 -123.5251 -123.5225 -123.5199 -123.5173 -123.5147 -123.5121 -123.5095 -123.5069 -123.5043 -123.5017 -123.4991 -123.4965 -123.4939 -123.4913 -123.4887 -123.4861 -123.4836 -123.4810 -123.4784
-123.6313 -123.6287 -123.6261 -123.6235 -123.6209 -123.6183 -123.6158 -123.6132 -123.6106 -123.6080 -123.6054 -123.6028 -123.6002 -123.5976 -123.5950 -123.5924 -123.5898 -123.5872 -123.5846 -123.5820 -123.5794 -123.5768 -123.5742 -123.5717 -123.5691 -123.5665 -123.5639 -123.5613 -123.5587 -123.5561 -123.5535 -123.5509 -123.5483 -123.5457 -123.5431 -123.5405 -123.5379 -123.5353 -123.5327 -123.5302 -123.5276 -123.5250 -123.5224 -123.5198 -123.5172 -123.5146 -123.5120 -123.5094 -123.5068 -123.5042 -123.5016 -123.4990 -123.4964 -123.4938 -123.4912 -123.4886 -123.4861 -123.4835 -123.4809 -123.4783
-123.6312 -123.6286 -123.6260 -123.6234 -123.6208 -123.6182 -123.6157 -123.6131 -123.6105 -123.6079 -123.6053 -123.6027 -123.6001 -123.5975 -123.5949 -123.5923 -123.5897 -123.5871 -123.5845 -123.5819 -123.5793 -123.5767 -123.5742 -123.5716 -123.5690 -123.5664 -123.5638 -123.5612 -123.5586 -123.5560 -123.5534 -123.5508 -123.5482 -123.5456 -123.5430 -123.5404 -123.5378 -123.5352 -123.5326 -123.5301 -123.5275 -123.5249 -123.5223 -123.5197 -123.5171 -123.5145 -123.5119 -123.5093 -123.5067 -123.5041 -123.5015 -123.4989 -123.4963 -123.4937 -123.4911 -123.4885 -123.4860 -123.4834 -123.4808 -123.4782
-123.6311 -123.6285 -123.6259 -123.6233 -123.6207 -123.6181 -123.6156 -123.6130 -123.6104 -123.6078 -123.6052 -123.6026 -123.6000 -123.5974 -123.5948 -123.5922 -123.5896 -123.5870 -123.5844 -123.5818 -123.5792 -123.5766 -123.5741 -123.5715 -123.5689 -123.5663 -123.5637 -123.5611 -123.5585 -123.5559 -123.5533 -123.5507 -123.5481 -123.5455 -123.5429 -123.5403 -123.5377 -123.5351 -123.5326 -123.5300 -123.5274 -123.5248 -123.5222 -123.5196 -123.5170 -123.5144 -123.5118 -123.5092 -123.5066 -123.5040 -123.5014 -123.4988 -123.4962 -123.4936 -123.4911 -123.4885 -123.4859 -123.4833 -123.4807 -123.4781
-123.6310 -123.6284 -123.6258 -123.6232 -123.6206 -123.6180 -123.6155 -123.6129 -123.6103 -123.6077 -123.6051 -123.6025 -123.5999 -123.5973 -123.5947 -123.5921 -123.5895 -123.5869 -123.5843 -123.5817 -123.5791 -123.5766 -123.5740 -123.5714 -123.5688 -123.5662 -123.5636 -123.5610 -123.5584 -123.5558 -123.5532 -123.5506 -123.5480 -123.5454 -123.5428 -123.5402 -123.5376 -123.5350 -123.5325 -123.5299 -123.5273 -123.5247 -123.5221 -123.5195 -123.5169 -123.5143 -123.5117 -123.5091 -123.5065 -123.5039 -123.5013 -123.4987 -123.4961 -123.4935 -123.4910 -123.4884 -123.4858 -123.4832 -123.4806 -123.4780
